-0.125
-0.121
-0.084
-0.049
-0.513
-0.321
-0.141
0.042
1.244
-0.030
-0.104
-0.228
5.545
2.499
2.772
4.167
3.959
2.376
4.439
3.461
3.791
2.996
3.387
3.613
2.812
2.338
2.727
2.296
4.159
2.630
2.697
2.904
3.956
2.069
8.141
2.437
6.276
4.012
4.056
3.942
3.368
2.573
2.545
3.273
2.259
3.987
4.639
2.639
3.239
7.120
8.571
5.408
5.802
4.083
8.275
3.240
4.393
3.948
5.391
3.127
6.400
2.661
4.708
3.302
6.780
5.161
4.846
7.079
7.900
4.616
6.621
3.911
6.228
-0.334
-0.139
-0.324
-0.004
0.138
0.322
-0.627
-0.537
-0.184
-0.369
-0.084
0.065
2.213
2.488
2.331
3.513
2.530
4.530
4.087
3.948
4.772
2.773
6.044
3.437
4.502
4.586
2.895
3.021
4.405
4.104
2.966
3.155
5.514
3.404
5.163
2.747
4.760
4.952
3.028
7.542
4.244
3.407
2.774
2.782
4.105
2.372
5.315
3.020
2.317
6.584
6.053
3.136
3.763
5.344
4.761
2.187
3.568
2.515
3.629
8.165
4.515
5.174
3.398
6.623
3.567
6.054
3.720
7.839
3.780
4.371
7.344
5.319
3.666
-0.868
0.776
1.604
0.068
-0.035
0.028
-0.027
-0.487
1.822
0.114
0.133
0.381
2.505
4.005
5.348
2.173
3.048
2.020
2.076
2.397
3.108
6.012
4.887
5.697
3.016
3.641
7.628
2.820
6.930
4.967
4.860
3.422
5.044
9.293
5.172
9.198
4.128
5.096
5.606
4.677
3.406
4.048
3.975
8.136
4.354
3.434
3.890
4.019
5.407
3.280
4.957
5.982
7.730
5.897
4.830
4.384
3.889
3.726
3.496
4.491
4.096
6.836
4.898
4.685
4.118
5.131
4.116
6.272
4.595
2.964
6.706
4.901
3.907
14.427
0.044
0.022
-0.032
-5.620
0.986
0.587
0.177
-0.036
0.427
-0.399
-0.011
3.599
5.450
2.410
2.599
3.107
2.593
4.028
3.621
3.381
3.857
2.643
3.873
4.669
3.181
3.608
2.473
3.834
3.050
6.927
3.708
4.800
2.210
2.439
2.589
5.444
3.267
6.299
3.253
4.986
3.434
3.472
5.771
4.565
6.448
2.726
4.348
12.254
7.055
8.465
5.284
3.405
5.586
4.386
2.737
3.438
2.388
8.165
4.787
2.618
3.209
2.966
6.516
5.162
4.545
4.004
3.378
6.295
4.831
3.205
5.302
2.964
0.448
-1.671
-0.226
-0.025
-0.314
-0.448
0.623
-0.320
0.254
-0.175
1.793
-0.746
3.292
2.810
2.797
2.251
2.571
3.712
3.512
5.067
4.988
3.685
3.565
12.589
4.592
3.497
3.224
4.471
4.220
6.979
3.868
4.319
4.216
8.617
7.316
5.551
4.009
3.343
6.698
3.479
4.455
3.763
9.945
3.194
3.426
7.893
4.658
3.443
4.694
3.571
8.829
3.821
5.360
4.082
5.039
5.429
2.838
2.690
3.610
2.543
4.773
5.854
3.806
8.152
7.754
4.609
5.342
5.917
11.633
7.827
3.679
3.486
3.346
0.325
1.288
0.712
0.244
-0.967
56.962
1.876
0.903
-0.063
-1.957
-0.615
-0.158
3.831
3.272
4.820
6.057
4.391
4.177
6.283
8.215
5.338
3.264
4.698
3.372
10.817
2.181
2.896
2.738
3.030
2.394
6.265
12.213
3.772
3.016
3.456
6.691
2.411
2.563
2.871
5.217
5.948
3.488
3.416
4.322
6.985
7.216
5.429
4.893
2.807
9.143
4.326
5.263
4.590
3.494
2.985
4.181
3.956
4.739
7.253
3.712
5.094
3.574
2.126
2.785
6.566
5.167
4.534
8.568
10.712
7.151
2.513
2.965
2.607
