-0.001
0.017
0.001
0.420
0.284
1.441
0.900
0.287
0.295
0.275
0.271
0.205
0.248
0.187
0.183
0.226
0.184
0.156
0.233
0.246
0.209
0.188
0.188
0.193
0.287
0.243
0.210
0.279
0.192
0.213
0.192
0.612
0.177
0.230
0.204
0.209
1.087
0.306
0.213
0.220
0.239
0.821
0.201
0.215
0.241
0.275
0.273
0.280
0.156
0.213
0.148
0.164
0.155
0.154
0.147
0.218
0.274
0.182
0.157
0.289
0.311
0.204
0.233
0.248
-0.146
-0.006
-0.170
0.202
0.170
0.155
0.306
0.204
0.308
0.383
0.170
0.743
0.274
0.326
0.243
0.193
0.200
0.203
0.232
0.259
0.315
0.163
0.276
0.205
0.217
0.218
0.223
0.513
0.236
0.179
0.362
0.150
0.158
0.161
0.150
0.139
0.167
0.141
0.151
0.140
0.171
0.152
0.148
0.152
0.144
0.157
0.140
0.171
0.184
0.170
0.225
0.147
0.135
0.141
0.126
0.173
0.169
0.143
0.151
0.146
0.184
0.143
0.168
0.189
-0.194
-0.018
-0.226
0.350
0.341
0.350
0.257
0.291
0.377
0.165
0.247
0.355
0.259
0.193
0.229
0.276
0.185
0.224
0.207
0.252
0.194
0.201
0.196
0.182
0.223
0.258
0.186
0.181
0.188
0.286
0.232
0.179
0.275
0.227
0.611
0.148
0.191
0.294
0.329
0.159
0.228
0.314
0.169
0.286
0.266
0.269
0.174
0.319
0.203
0.218
0.184
0.240
0.242
0.220
0.215
0.202
0.233
0.212
0.232
0.519
1.177
0.206
0.263
0.212
-0.044
-1.175
1.606
1.749
0.513
0.822
0.206
0.501
0.243
0.316
0.243
1.980
0.271
0.186
0.166
0.314
0.168
0.178
0.176
0.169
0.194
0.226
0.208
0.189
0.167
0.170
0.184
0.193
0.173
0.374
0.157
0.169
0.237
0.176
0.184
0.160
0.167
0.192
0.216
0.205
0.184
0.218
0.269
0.188
0.281
0.162
0.164
0.190
0.175
0.183
1.755
1.961
0.228
0.247
0.158
0.149
0.241
0.163
0.152
0.211
0.222
1.438
1.161
0.204
-0.263
-0.072
0.016
0.719
0.822
0.737
0.680
0.790
0.433
0.270
0.317
0.648
0.362
0.235
0.298
0.316
0.168
0.165
0.223
0.227
0.206
0.273
0.187
0.203
0.181
0.208
0.306
0.269
0.575
0.181
0.250
0.243
0.626
0.296
0.345
0.208
0.458
0.482
0.377
0.345
0.598
0.388
0.289
0.357
0.283
0.281
0.338
0.366
0.640
0.402
0.323
0.577
0.179
0.335
0.356
0.513
0.256
0.306
0.296
0.209
0.405
0.224
0.159
0.147
0.143
0.067
0.079
0.364
0.242
0.368
0.221
0.271
0.383
0.306
-0.009
0.147
0.136
1.162
1.021
0.247
1.633
0.758
2.486
0.995
1.598
2.545
1.094
1.252
0.818
0.594
0.408
0.319
0.400
0.000
2.050
1.881
0.491
0.620
0.340
0.453
0.528
0.340
0.344
0.367
0.692
0.407
0.433
0.396
0.674
0.665
0.597
0.591
0.246
0.200
0.179
0.170
0.192
0.194
0.196
0.182
0.954
0.199
0.216
0.217
0.379
0.337
0.304
0.260
