#########################################################################
#                                                                       #
# Tagger configuration file for the May 09 beamtime                     #
#                                                                       #
#########################################################################

##	#FP	Energy?	Time?	Pos?
Size:	352	0	1	1
Multi-hit: 8
##
##	Scalers	Calib	Overlap	Micro	#trig	Toff	Tres
Misc:	1	1	0	0	0	248.0	5.0
#Misc:   1   1   1   0   0   250.0   5.0
##
#Window:   95. 120. 69. 94.
#Window:   95. 120. 121. 146.
##
## G 0 - 32  Section AB
##
Element: 816 0.2 2.5 0.0 0.00050 1438M0 -1000  300 -1642.744814 0.1170 0 0 0 110.254 1.981  2865
Element: 800 0.2 2.5 0.0 0.00050 1432M0 -1000  300 -1634.372416 0.1170 0 0 0 112.250 2.064  2867
Element: 817 0.2 2.5 0.0 0.00050 1454M0 -1000  300 -1643.575204 0.1170 0 0 0 114.331 2.148  2869
Element: 801 0.2 2.5 0.0 0.00050 1448M0 -1000  300 -1653.702997 0.1170 0 0 0 116.495 2.231  2871
Element: 818 0.2 2.5 0.0 0.00050 1439M0 -1000  300 -1643.163203 0.1170 0 0 0 118.742 2.318  2873
Element: 802 0.2 2.5 0.0 0.00050 1433M0 -1000  300 -1644.419173 0.1170 0 0 0 121.074 2.407  2875
Element: 819 0.2 2.5 0.0 0.00050 1455M0 -1000  300 -1653.314319 0.1170 0 0 0 123.500 2.499  2877
Element: 803 0.2 2.5 0.0 0.00050 1449M0 -1000  300 -1647.508334 0.1170 0 0 0 126.015 2.590  2879
Element: 820 0.2 2.5 0.0 0.00050 1440M0 -1000  300 -1647.061853 0.1170 0 0 0 128.618 2.679  2881
Element: 804 0.2 2.5 0.0 0.00050 1434M0 -1000  300 -1648.991884 0.1170 0 0 0 131.307 2.764  2883
Element: 821 0.2 2.5 0.0 0.00050 1456M0 -1000  300 -1632.289711 0.1170 0 0 0 134.077 2.846  2885
Element: 805 0.2 2.5 0.0 0.00050 1450M0 -1000  300 -1645.412770 0.1170 0 0 0 136.926 2.922  2887
Element: 822 0.2 2.5 0.0 0.00050 1441M0 -1000  300 -1648.683138 0.1170 0 0 0 139.849 2.995  2864
Element: 806 0.2 2.5 0.0 0.00050 1435M0 -1000  300 -1647.008143 0.1170 0 0 0 142.841 3.062  2866
Element: 823 0.2 2.5 0.0 0.00050 1457M0 -1000  300 -1631.849523 0.1170 0 0 0 145.894 3.123  2868
Element: 807 0.2 2.5 0.0 0.00050 1451M0 -1000  300 -1649.334481 0.1170 0 0 0 149.001 3.175  2870
Element: 824 0.2 2.5 0.0 0.00050 1442M0 -1000  300 -1652.885104 0.1170 0 0 0 152.158 3.221  2872
Element: 808 0.2 2.5 0.0 0.00050 1436M0 -1000  300 -1644.158212 0.1170 0 0 0 155.351 3.256  2874
Element: 825 0.2 2.5 0.0 0.00050 1458M0 -1000  300 -1647.312270 0.1170 0 0 0 158.575 3.284  2876
Element: 809 0.2 2.5 0.0 0.00050 1452M0 -1000  300 -1646.909851 0.1170 0 0 0 161.817 3.295  2878
Element: 826 0.2 2.5 0.0 0.00050 1443M0 -1000  300 -1653.750962 0.1170 0 0 0 165.075 3.298  2880
Element: 810 0.2 2.5 0.0 0.00050 1437M0 -1000  300 -1650.307336 0.1170 0 0 0 168.326 3.292  2882
Element: 827 0.2 2.5 0.0 0.00050 1459M0 -1000  300 -1648.069243 0.1170 0 0 0 171.568 3.271  2884
Element: 811 0.2 2.5 0.0 0.00050 1453M0 -1000  300 -1644.010290 0.1170 0 0 0 174.785 3.241  2886
Element: 828 0.2 2.5 0.0 0.00050 1444M0 -1000  300 -1653.996393 0.1170 0 0 0 177.969 3.204  2888
Element: 829 0.2 2.5 0.0 0.00050 1460M0 -1000  300 -1641.974405 0.1170 0 0 0 181.113 3.161  2889
Element: 830 0.2 2.5 0.0 0.00050 1445M0 -1000  300 -1646.789107 0.1170 0 0 0 184.210 3.110  2890
Element: 831 0.2 2.5 0.0 0.00050 1461M0 -1000  300 -1551.736000 0.1170 0 0 0 187.252 3.059  2891
Element: 812 0.2 2.5 0.0 0.00050 1446M0 -1000  300 -1606.891700 0.1170 0 0 0 190.243 3.005  2892
Element: 813 0.2 2.5 0.0 0.00050 1462M0 -1000  300 -1635.989555 0.1170 0 0 0 193.178 2.955  2893
Element: 814 0.2 2.5 0.0 0.00050 1447M0 -1000  300 -1643.419009 0.1170 0 0 0 196.067 2.910  2894
Element: 815 0.2 2.5 0.0 0.00050 1463M0 -1000  300 -1638.448623 0.1170 0 0 0 198.915 2.870  2895
##                                                                                               
## G 32 - 64  Section CD                                                                         
##                                                                                               
Element: 832 0.2 2.5 0.0 0.00050 1464M0 -1000  300 -1654.850493 0.1170 0 0 0 201.705 2.879  2064
Element: 833 0.2 2.5 0.0 0.00050 1480M0 -1000  300 -1662.056109 0.1170 0 0 0 204.505 2.929  2065
Element: 834 0.2 2.5 0.0 0.00050 1465M0 -1000  300 -1655.489775 0.1170 0 0 0 207.293 2.970  2066
Element: 835 0.2 2.5 0.0 0.00050 1481M0 -1000  300 -1651.136508 0.1170 0 0 0 210.087 2.994  2067
Element: 836 0.2 2.5 0.0 0.00050 1466M0 -1000  300 -1653.797435 0.1170 0 0 0 212.900 3.007  2068
Element: 837 0.2 2.5 0.0 0.00050 1482M0 -1000  300 -1654.698085 0.1170 0 0 0 215.735 3.026  2069
Element: 838 0.2 2.5 0.0 0.00050 1467M0 -1000  300 -1650.823046 0.1170 0 0 0 218.623 2.975  2070
Element: 839 0.2 2.5 0.0 0.00050 1483M0 -1000  300 -1650.581175 0.1170 0 0 0 221.444 2.927  2071
Element: 840 0.2 2.5 0.0 0.00050 1468M0 -1000  300 -1654.141280 0.1170 0 0 0 224.312 2.953  2072
Element: 841 0.2 2.5 0.0 0.00050 1484M0 -1000  300 -1651.002356 0.1170 0 0 0 227.193 2.982  2073
Element: 842 0.2 2.5 0.0 0.00050 1469M0 -1000  300 -1647.691752 0.1170 0 0 0 230.085 3.009  2074
Element: 843 0.2 2.5 0.0 0.00050 1485M0 -1000  300 -1653.460134 0.1170 0 0 0 232.986 3.040  2075
Element: 844 0.2 2.5 0.0 0.00050 1470M0 -1000  300 -1643.970516 0.1170 0 0 0 235.900 3.067  2076
Element: 845 0.2 2.5 0.0 0.00050 1486M0 -1000  300 -1648.961231 0.1170 0 0 0 238.824 3.096  2077
Element: 846 0.2 2.5 0.0 0.00050 1471M0 -1000  300 -1640.139316 0.1170 0 0 0 241.759 3.125  2078
Element: 847 0.2 2.5 0.0 0.00050 1487M0 -1000  300 -1653.102958 0.1170 0 0 0 244.703 3.153  2079
Element: 848 0.2 2.5 0.0 0.00050 1472M0 -1000  300 -1642.664129 0.1170 0 0 0 247.699 3.105  2080
Element: 849 0.2 2.5 0.0 0.00050 1488M0 -1000  300 -1637.409710 0.1170 0 0 0 250.629 3.055  2081
Element: 850 0.2 2.5 0.0 0.00050 1473M0 -1000  300 -1646.243526 0.1170 0 0 0 253.609 3.083  2082
Element: 851 0.2 2.5 0.0 0.00050 1489M0 -1000  300 -1634.431195 0.1170 0 0 0 256.598 3.111  2083
Element: 852 0.2 2.5 0.0 0.00050 1474M0 -1000  300 -1649.487272 0.1170 0 0 0 259.599 3.141  2084
Element: 853 0.2 2.5 0.0 0.00050 1490M0 -1000  300 -1637.707969 0.1170 0 0 0 262.614 3.168  2085
Element: 854 0.2 2.5 0.0 0.00050 1475M0 -1000  300 -1645.240226 0.1170 0 0 0 265.639 3.196  2086
Element: 855 0.2 2.5 0.0 0.00050 1491M0 -1000  300 -1638.239057 0.1170 0 0 0 268.676 3.225  2087
Element: 856 0.2 2.5 0.0 0.00050 1476M0 -1000  300 -1643.490136 0.1170 0 0 0 271.756 3.190  2088
Element: 857 0.2 2.5 0.0 0.00050 1492M0 -1000  300 -1628.810999 0.1170 0 0 0 274.782 3.150  2089
Element: 858 0.2 2.5 0.0 0.00050 1477M0 -1000  300 -1638.133401 0.1170 0 0 0 277.853 3.179  2090
Element: 859 0.2 2.5 0.0 0.00050 1493M0 -1000  300 -1631.251078 0.1170 0 0 0 280.937 3.207  2091
Element: 860 0.2 2.5 0.0 0.00050 1478M0 -1000  300 -1626.253012 0.1170 0 0 0 284.030 3.236  2092
Element: 861 0.2 2.5 0.0 0.00050 1494M0 -1000  300 -1632.449915 0.1170 0 0 0 287.137 3.265  2093
Element: 862 0.2 2.5 0.0 0.00050 1479M0 -1000  300 -1636.628038 0.1170 0 0 0 290.255 3.293  2094
Element: 863 0.2 2.5 0.0 0.00050 1495M0 -1000  300 -1628.069764 0.1170 0 0 0 293.384 3.323  2095
##                                                                                               
## G 64 - 96  Section EF                                                                         
##                                                                                               
Element: 864 0.2 2.5 0.0 0.00050 1496M0 -1000  300 -1641.713765 0.1170 0 0 0 296.525 3.351  2576
Element: 865 0.2 2.5 0.0 0.00050 1512M0 -1000  300 -1642.875546 0.1170 0 0 0 299.678 3.380  2577
Element: 866 0.2 2.5 0.0 0.00050 1497M0 -1000  300 -1643.918134 0.1170 0 0 0 302.843 3.409  2578
Element: 867 0.2 2.5 0.0 0.00050 1513M0 -1000  300 -1644.996037 0.1170 0 0 0 306.059 3.357  2579
Element: 868 0.2 2.5 0.0 0.00050 1498M0 -1000  300 -1643.562785 0.1170 0 0 0 309.206 3.303  2580
Element: 869 0.2 2.5 0.0 0.00050 1514M0 -1000  300 -1645.593729 0.1170 0 0 0 312.405 3.332  2581
Element: 870 0.2 2.5 0.0 0.00050 1499M0 -1000  300 -1643.320661 0.1170 0 0 0 315.617 3.360  2582
Element: 871 0.2 2.5 0.0 0.00050 1515M0 -1000  300 -1644.369025 0.1170 0 0 0 318.840 3.388  2583
Element: 872 0.2 2.5 0.0 0.00050 1500M0 -1000  300 -1642.074211 0.1170 0 0 0 322.074 3.418  2584
Element: 873 0.2 2.5 0.0 0.00050 1516M0 -1000  300 -1642.977576 0.1170 0 0 0 325.320 3.447  2585
Element: 874 0.2 2.5 0.0 0.00050 1501M0 -1000  300 -1633.938082 0.1170 0 0 0 328.578 3.476  2586
Element: 875 0.2 2.5 0.0 0.00050 1517M0 -1000  300 -1645.675523 0.1170 0 0 0 331.847 3.506  2587
Element: 876 0.2 2.5 0.0 0.00050 1502M0 -1000  300 -1633.460352 0.1170 0 0 0 335.163 3.465  2588
Element: 877 0.2 2.5 0.0 0.00050 1518M0 -1000  300 -1637.511708 0.1170 0 0 0 338.421 3.422  2589
Element: 878 0.2 2.5 0.0 0.00050 1503M0 -1000  300 -1633.658177 0.1170 0 0 0 341.724 3.451  2590
Element: 879 0.2 2.5 0.0 0.00050 1519M0 -1000  300 -1642.250012 0.1170 0 0 0 345.040 3.479  2591
Element: 880 0.2 2.5 0.0 0.00050 1504M0 -1000  300 -1635.646631 0.1170 0 0 0 348.367 3.511  2592
Element: 881 0.2 2.5 0.0 0.00050 1520M0 -1000  300 -1633.931776 0.1170 0 0 0 351.705 3.537  2593
Element: 882 0.2 2.5 0.0 0.00050 1505M0 -1000  300 -1636.400892 0.1170 0 0 0 355.055 3.567  2594
Element: 883 0.2 2.5 0.0 0.00050 1521M0 -1000  300 -1627.981831 0.1170 0 0 0 358.417 3.596  2595
Element: 884 0.2 2.5 0.0 0.00050 1506M0 -1000  300 -1639.731879 0.1170 0 0 0 361.790 3.626  2596
Element: 885 0.2 2.5 0.0 0.00050 1522M0 -1000  300 -1631.537421 0.1170 0 0 0 365.211 3.581  2597
Element: 886 0.2 2.5 0.0 0.00050 1507M0 -1000  300 -1634.917421 0.1170 0 0 0 368.569 3.535  2598
Element: 887 0.2 2.5 0.0 0.00050 1523M0 -1000  300 -1635.436626 0.1170 0 0 0 371.976 3.564  2599
Element: 888 0.2 2.5 0.0 0.00050 1508M0 -1000  300 -1642.084067 0.1170 0 0 0 375.394 3.593  2600
Element: 889 0.2 2.5 0.0 0.00050 1524M0 -1000  300 -1626.506098 0.1170 0 0 0 378.823 3.622  2601
Element: 890 0.2 2.5 0.0 0.00050 1509M0 -1000  300 -1625.628450 0.1170 0 0 0 382.263 3.651  2602
Element: 891 0.2 2.5 0.0 0.00050 1525M0 -1000  300 -1627.474697 0.1170 0 0 0 385.715 3.680  2603
Element: 892 0.2 2.5 0.0 0.00050 1510M0 -1000  300 -1617.793485 0.1170 0 0 0 389.178 3.709  2604
Element: 893 0.2 2.5 0.0 0.00050 1526M0 -1000  300 -1621.436948 0.1170 0 0 0 392.651 3.739  2605
Element: 894 0.2 2.5 0.0 0.00050 1511M0 -1000  300 -1623.913152 0.1170 0 0 0 396.169 3.702  2606
Element: 895 0.2 2.5 0.0 0.00050 1527M0 -1000  300 -1616.567540 0.1170 0 0 0 399.631 3.663  2607
##                                                                                               
## G 96 - 128  Section GH                                                                        
##                                                                                               
Element: 896 0.2 2.5 0.0 0.00050 1528M0 -1000  300 -1627.492983 0.1170 0 0 0 403.137 3.692  2288
Element: 897 0.2 2.5 0.0 0.00050 1544M0 -1000  300 -1640.285403 0.1170 0 0 0 406.655 3.720  2289
Element: 898 0.2 2.5 0.0 0.00050 1529M0 -1000  300 -1634.702258 0.1170 0 0 0 410.184 3.750  2290
Element: 899 0.2 2.5 0.0 0.00050 1545M0 -1000  300 -1635.893809 0.1170 0 0 0 413.723 3.778  2291
Element: 900 0.2 2.5 0.0 0.00050 1530M0 -1000  300 -1638.987070 0.1170 0 0 0 417.272 3.809  2292
Element: 901 0.2 2.5 0.0 0.00050 1546M0 -1000  300 -1639.277306 0.1170 0 0 0 420.833 3.838  2293
Element: 902 0.2 2.5 0.0 0.00050 1531M0 -1000  300 -1626.588139 0.1170 0 0 0 424.404 3.867  2294
Element: 903 0.2 2.5 0.0 0.00050 1547M0 -1000  300 -1625.682649 0.1170 0 0 0 428.026 3.815  2295
Element: 904 0.2 2.5 0.0 0.00050 1532M0 -1000  300 -1625.612639 0.1170 0 0 0 431.577 3.761  2296
Element: 905 0.2 2.5 0.0 0.00050 1548M0 -1000  300 -1634.325417 0.1170 0 0 0 435.180 3.790  2297
Element: 906 0.2 2.5 0.0 0.00050 1533M0 -1000  300 -1627.335030 0.1170 0 0 0 438.792 3.820  2298
Element: 907 0.2 2.5 0.0 0.00050 1549M0 -1000  300 -1623.931274 0.1170 0 0 0 442.416 3.848  2299
Element: 908 0.2 2.5 0.0 0.00050 1534M0 -1000  300 -1620.976749 0.1170 0 0 0 446.050 3.878  2300
Element: 909 0.2 2.5 0.0 0.00050 1550M0 -1000  300 -1622.352114 0.1170 0 0 0 449.694 3.906  2301
Element: 910 0.2 2.5 0.0 0.00050 1535M0 -1000  300 -1616.795811 0.1170 0 0 0 453.348 3.936  2302
Element: 911 0.2 2.5 0.0 0.00050 1551M0 -1000  300 -1635.969898 0.1170 0 0 0 457.012 3.964  2303
Element: 912 0.2 2.5 0.0 0.00050 1536M0 -1000  300 -1632.984521 0.1170 0 0 0 460.687 3.995  2304
Element: 913 0.2 2.5 0.0 0.00050 1552M0 -1000  300 -1612.552598 0.1170 0 0 0 464.409 3.950  2305
Element: 914 0.2 2.5 0.0 0.00050 1537M0 -1000  300 -1632.807909 0.1170 0 0 0 468.065 3.903  2306
Element: 915 0.2 2.5 0.0 0.00050 1553M0 -1000  300 -1623.558215 0.1170 0 0 0 471.771 3.933  2307
Element: 916 0.2 2.5 0.0 0.00050 1538M0 -1000  300 -1632.142179 0.1170 0 0 0 475.484 3.962  2308
Element: 917 0.2 2.5 0.0 0.00050 1554M0 -1000  300 -1627.956917 0.1170 0 0 0 479.208 3.990  2309
Element: 918 0.2 2.5 0.0 0.00050 1539M0 -1000  300 -1618.589205 0.1170 0 0 0 482.942 4.020  2310
Element: 919 0.2 2.5 0.0 0.00050 1555M0 -1000  300 -1624.653664 0.1170 0 0 0 486.685 4.049  2311
Element: 920 0.2 2.5 0.0 0.00050 1540M0 -1000  300 -1636.815438 0.1170 0 0 0 490.438 4.079  2312
Element: 921 0.2 2.5 0.0 0.00050 1556M0 -1000  300 -1613.599282 0.1170 0 0 0 494.201 4.108  2313
Element: 922 0.2 2.5 0.0 0.00050 1541M0 -1000  300 -1623.480768 0.1170 0 0 0 497.972 4.137  2314
Element: 923 0.2 2.5 0.0 0.00050 1557M0 -1000  300 -1620.458600 0.1170 0 0 0 501.799 4.076  2315
Element: 924 0.2 2.5 0.0 0.00050 1542M0 -1000  300 -1623.702163 0.1170 0 0 0 505.544 4.012  2316
Element: 925 0.2 2.5 0.0 0.00050 1558M0 -1000  300 -1621.454977 0.1170 0 0 0 509.344 4.041  2317
Element: 926 0.2 2.5 0.0 0.00050 1543M0 -1000  300 -1625.293788 0.1170 0 0 0 513.153 4.069  2318
Element: 927 0.2 2.5 0.0 0.00050 1559M0 -1000  300 -1612.437990 0.1170 0 0 0 516.972 4.099  2319
##                                                                                               
## G 128 - 160  Section IJ                                                                       
##                                                                                               
Element: 928 0.2 2.5 0.0 0.00050 1560M0 -1000  300 -1598.546385 0.1170 0 0 0 520.798 4.128  2000
Element: 929 0.2 2.5 0.0 0.00050 1576M0 -1000  300 -1607.911913 0.1170 0 0 0 524.635 4.157  2001
Element: 930 0.2 2.5 0.0 0.00050 1561M0 -1000  300 -1605.581760 0.1170 0 0 0 528.480 4.187  2002
Element: 931 0.2 2.5 0.0 0.00050 1577M0 -1000  300 -1607.890951 0.1170 0 0 0 532.335 4.214  2003
Element: 932 0.2 2.5 0.0 0.00050 1562M0 -1000  300 -1616.630638 0.1170 0 0 0 536.198 4.244  2004
Element: 933 0.2 2.5 0.0 0.00050 1578M0 -1000  300 -1608.129305 0.1170 0 0 0 540.117 4.178  2005
Element: 934 0.2 2.5 0.0 0.00050 1563M0 -1000  300 -1606.366624 0.1170 0 0 0 543.949 4.111  2006
Element: 935 0.2 2.5 0.0 0.00050 1579M0 -1000  300 -1611.961373 0.1170 0 0 0 547.838 4.139  2007
Element: 936 0.2 2.5 0.0 0.00050 1564M0 -1000  300 -1609.720865 0.1170 0 0 0 551.735 4.169  2008
Element: 937 0.2 2.5 0.0 0.00050 1580M0 -1000  300 -1608.585563 0.1170 0 0 0 555.642 4.195  2009
Element: 938 0.2 2.5 0.0 0.00050 1565M0 -1000  300 -1606.902123 0.1170 0 0 0 559.556 4.225  2010
Element: 939 0.2 2.5 0.0 0.00050 1581M0 -1000  300 -1609.347188 0.1170 0 0 0 563.478 4.253  2011
Element: 940 0.2 2.5 0.0 0.00050 1566M0 -1000  300 -1602.727523 0.1170 0 0 0 567.409 4.283  2012
Element: 941 0.2 2.5 0.0 0.00050 1582M0 -1000  300 -1606.563210 0.1170 0 0 0 571.349 4.312  2013
Element: 942 0.2 2.5 0.0 0.00050 1567M0 -1000  300 -1600.399281 0.1170 0 0 0 575.294 4.341  2014
Element: 943 0.2 2.5 0.0 0.00050 1583M0 -1000  300 -1608.729899 0.1170 0 0 0 579.250 4.370  2015
Element: 944 0.2 2.5 0.0 0.00050 1568M0 -1000  300 -1603.573651 0.1170 0 0 0 583.263 4.298  2016
Element: 945 0.2 2.5 0.0 0.00050 1584M0 -1000  300 -1599.945887 0.1170 0 0 0 587.184 4.226  2017
Element: 946 0.2 2.5 0.0 0.00050 1569M0 -1000  300 -1603.811922 0.1170 0 0 0 591.163 4.254  2018
Element: 947 0.2 2.5 0.0 0.00050 1585M0 -1000  300 -1595.338374 0.1170 0 0 0 595.149 4.281  2019
Element: 948 0.2 2.5 0.0 0.00050 1570M0 -1000  300 -1606.912793 0.1170 0 0 0 599.143 4.310  2020
Element: 949 0.2 2.5 0.0 0.00050 1586M0 -1000  300 -1602.295232 0.1170 0 0 0 603.145 4.338  2021
Element: 950 0.2 2.5 0.0 0.00050 1571M0 -1000  300 -1605.035118 0.1170 0 0 0 607.154 4.368  2022
Element: 951 0.2 2.5 0.0 0.00050 1587M0 -1000  300 -1601.035574 0.1170 0 0 0 611.171 4.395  2023
Element: 952 0.2 2.5 0.0 0.00050 1572M0 -1000  300 -1606.291481 0.1170 0 0 0 615.195 4.424  2024
Element: 953 0.2 2.5 0.0 0.00050 1588M0 -1000  300 -1596.256620 0.1170 0 0 0 619.225 4.452  2025
Element: 954 0.2 2.5 0.0 0.00050 1573M0 -1000  300 -1601.708000 0.1170 0 0 0 623.264 4.481  2026
Element: 955 0.2 2.5 0.0 0.00050 1589M0 -1000  300 -1610.706178 0.1170 0 0 0 627.362 4.404  2027
Element: 956 0.2 2.5 0.0 0.00050 1574M0 -1000  300 -1595.342139 0.1170 0 0 0 631.362 4.326  2028
Element: 957 0.2 2.5 0.0 0.00050 1590M0 -1000  300 -1590.926669 0.1170 0 0 0 635.421 4.355  2029
Element: 958 0.2 2.5 0.0 0.00050 1575M0 -1000  300 -1604.675653 0.1170 0 0 0 639.488 4.381  2030
Element: 959 0.2 2.5 0.0 0.00050 1591M0 -1000  300 -1603.237445 0.1170 0 0 0 643.561 4.410  2031
##                                                                                               
## G 160 - 192  Section KL                                                                       
##                                                                                               
Element: 960 0.2 2.5 0.0 0.00050 1592M0 -1000  300 -1592.296108 0.1170 0 0 0 647.641 4.436  2352
Element: 961 0.2 2.5 0.0 0.00050 1608M0 -1000  300 -1613.113274 0.1170 0 0 0 651.728 4.466  2353
Element: 962 0.2 2.5 0.0 0.00050 1593M0 -1000  300 -1611.152527 0.1170 0 0 0 655.821 4.494  2354
Element: 963 0.2 2.5 0.0 0.00050 1609M0 -1000  300 -1612.177205 0.1170 0 0 0 659.920 4.521  2355
Element: 964 0.2 2.5 0.0 0.00050 1594M0 -1000  300 -1610.212320 0.1170 0 0 0 664.027 4.550  2356
Element: 965 0.2 2.5 0.0 0.00050 1610M0 -1000  300 -1607.484028 0.1170 0 0 0 668.140 4.577  2357
Element: 966 0.2 2.5 0.0 0.00050 1595M0 -1000  300 -1610.624061 0.1170 0 0 0 672.313 4.498  2358
Element: 967 0.2 2.5 0.0 0.00050 1611M0 -1000  300 -1612.849763 0.1170 0 0 0 676.383 4.413  2359
Element: 968 0.2 2.5 0.0 0.00050 1596M0 -1000  300 -1610.949079 0.1170 0 0 0 680.514 4.439  2360
Element: 969 0.2 2.5 0.0 0.00050 1612M0 -1000  300 -1607.671003 0.1170 0 0 0 684.652 4.469  2361
Element: 970 0.2 2.5 0.0 0.00050 1597M0 -1000  300 -1592.935915 0.1170 0 0 0 688.795 4.495  2362
Element: 971 0.2 2.5 0.0 0.00050 1613M0 -1000  300 -1612.595812 0.1170 0 0 0 692.944 4.523  2363
Element: 972 0.2 2.5 0.0 0.00050 1598M0 -1000  300 -1602.155777 0.1170 0 0 0 697.099 4.552  2364
Element: 973 0.2 2.5 0.0 0.00050 1614M0 -1000  300 -1598.057573 0.1170 0 0 0 701.260 4.577  2365
Element: 974 0.2 2.5 0.0 0.00050 1599M0 -1000  300 -1587.226541 0.1170 0 0 0 705.426 4.606  2366
Element: 975 0.2 2.5 0.0 0.00050 1615M0 -1000  300 -1599.614881 0.1170 0 0 0 709.598 4.633  2367
Element: 976 0.2 2.5 0.0 0.00050 1600M0 -1000  300 -1596.506641 0.1170 0 0 0 713.776 4.660  2368
Element: 977 0.2 2.5 0.0 0.00050 1616M0 -1000  300 -1589.348701 0.1170 0 0 0 718.008 4.590  2369
Element: 978 0.2 2.5 0.0 0.00050 1601M0 -1000  300 -1601.221829 0.1170 0 0 0 722.147 4.517  2370
Element: 979 0.2 2.5 0.0 0.00050 1617M0 -1000  300 -1585.082698 0.1170 0 0 0 726.340 4.545  2371
Element: 980 0.2 2.5 0.0 0.00050 1602M0 -1000  300 -1602.657660 0.1170 0 0 0 730.539 4.571  2372
Element: 981 0.2 2.5 0.0 0.00050 1618M0 -1000  300 -1598.797253 0.1170 0 0 0 734.743 4.599  2373
Element: 982 0.2 2.5 0.0 0.00050 1603M0 -1000  300 -1606.290538 0.1170 0 0 0 738.951 4.624  2374
Element: 983 0.2 2.5 0.0 0.00050 1619M0 -1000  300 -1609.482807 0.1170 0 0 0 743.166 4.653  2375
Element: 984 0.2 2.5 0.0 0.00050 1604M0 -1000  300 -1614.611992 0.1170 0 0 0 747.384 4.680  2376
Element: 985 0.2 2.5 0.0 0.00050 1620M0 -1000  300 -1587.074337 0.1170 0 0 0 751.608 4.705  2377
Element: 986 0.2 2.5 0.0 0.00050 1605M0 -1000  300 -1592.398857 0.1170 0 0 0 755.837 4.734  2378
Element: 987 0.2 2.5 0.0 0.00050 1621M0 -1000  300 -1590.905769 0.1170 0 0 0 760.070 4.760  2379
Element: 988 0.2 2.5 0.0 0.00050 1606M0 -1000  300 -1587.734209 0.1170 0 0 0 764.367 4.668  2380
Element: 989 0.2 2.5 0.0 0.00050 1622M0 -1000  300 -1584.969850 0.1170 0 0 0 768.549 4.575  2381
Element: 990 0.2 2.5 0.0 0.00050 1607M0 -1000  300 -1584.422223 0.1170 0 0 0 772.796 4.600  2382
Element: 991 0.2 2.5 0.0 0.00050 1623M0 -1000  300 -1578.373028 0.1170 0 0 0 777.047 4.628  2383
##                                                                                               
## G 192 - 224  Section MN                                                                       
##                                                                                               
Element: 992 0.2 2.5 0.0 0.00050 1624M0  -1000 300 -1581.599875 0.1170 0 0 0 781.302 4.653  2640
Element: 993 0.2 2.5 0.0 0.00050 1640M0  -1000 300 -1592.686219 0.1170 0 0 0 785.562 4.680  2641
Element: 994 0.2 2.5 0.0 0.00050 1625M0  -1000 300 -1587.842369 0.1170 0 0 0 789.825 4.706  2642
Element: 995 0.2 2.5 0.0 0.00050 1641M0  -1000 300 -1594.324327 0.1170 0 0 0 794.094 4.732  2643
Element: 996 0.2 2.5 0.0 0.00050 1626M0  -1000 300 -1598.099775 0.1170 0 0 0 798.365 4.760  2644
Element: 997 0.2 2.5 0.0 0.00050 1642M0  -1000 300 -1595.121459 0.1170 0 0 0 802.641 4.785  2645
Element: 998 0.2 2.5 0.0 0.00050 1627M0  -1000 300 -1593.540892 0.1170 0 0 0 806.921 4.812  2646
Element: 999 0.2 2.5 0.0 0.00050 1643M0  -1000 300 -1593.403453 0.1170 0 0 0 811.204 4.839  2647
Element: 1000 0.2 2.5 0.0 0.00050 1628M0 -1000 300 -1595.024198 0.1170 0 0 0 815.544 4.758  2648
Element: 1001 0.2 2.5 0.0 0.00050 1644M0 -1000 300 -1597.720848 0.1170 0 0 0 819.781 4.677  2649 
Element: 1002 0.2 2.5 0.0 0.00050 1629M0 -1000 300 -1591.569618 0.1170 0 0 0 824.076 4.702  2650
Element: 1003 0.2 2.5 0.0 0.00050 1645M0 -1000 300 -1595.635235 0.1170 0 0 0 828.374 4.727  2651
Element: 1004 0.2 2.5 0.0 0.00050 1630M0 -1000 300 -1587.401052 0.1170 0 0 0 832.674 4.754  2652
Element: 1005 0.2 2.5 0.0 0.00050 1646M0 -1000 300 -1605.743435 0.1170 0 0 0 836.978 4.781  2653
Element: 1006 0.2 2.5 0.0 0.00050 1631M0 -1000 300 -1603.573056 0.1170 0 0 0 841.286 4.806  2654
Element: 1007 0.2 2.5 0.0 0.00050 1647M0 -1000 300 -1609.932440 0.1170 0 0 0 845.597 4.831  2655
Element: 1008 0.2 2.5 0.0 0.00050 1632M0 -1000 300 -1598.606782 0.1170 0 0 0 849.911 4.856  2656
Element: 1009 0.2 2.5 0.0 0.00050 1648M0 -1000 300 -1580.270980 0.1170 0 0 0 854.228 4.882  2657
Element: 1010 0.2 2.5 0.0 0.00050 1633M0 -1000 300 -1598.774108 0.1170 0 0 0 858.548 4.909  2658
Element: 1011 0.2 2.5 0.0 0.00050 1649M0 -1000 300 -1597.995984 0.1170 0 0 0 862.871 4.934  2659
Element: 1012 0.2 2.5 0.0 0.00050 1634M0 -1000 300 -1607.524507 0.1170 0 0 0 867.262 4.831  2660
Element: 1013 0.2 2.5 0.0 0.00050 1650M0 -1000 300 -1598.196759 0.1170 0 0 0 871.525 4.725  2661
Element: 1014 0.2 2.5 0.0 0.00050 1635M0 -1000 300 -1587.864807 0.1170 0 0 0 875.856 4.751  2662
Element: 1015 0.2 2.5 0.0 0.00050 1651M0 -1000 300 -1583.376818 0.1170 0 0 0 880.190 4.775  2663
Element: 1016 0.2 2.5 0.0 0.00050 1636M0 -1000 300 -1601.959005 0.1170 0 0 0 884.526 4.802  2664
Element: 1017 0.2 2.5 0.0 0.00050 1652M0 -1000 300 -1582.244025 0.1170 0 0 0 888.865 4.826  2665
Element: 1018 0.2 2.5 0.0 0.00050 1637M0 -1000 300 -1583.603679 0.1170 0 0 0 893.206 4.850  2666
Element: 1019 0.2 2.5 0.0 0.00050 1653M0 -1000 300 -1582.187852 0.1170 0 0 0 897.550 4.877  2667
Element: 1020 0.2 2.5 0.0 0.00050 1638M0 -1000 300 -1580.074948 0.1170 0 0 0 901.895 4.901  2668
Element: 1021 0.2 2.5 0.0 0.00050 1654M0 -1000 300 -1580.741695 0.1170 0 0 0 906.243 4.926  2669
Element: 1022 0.2 2.5 0.0 0.00050 1639M0 -1000 300 -1584.517508 0.1170 0 0 0 910.593 4.951  2670
Element: 1023 0.2 2.5 0.0 0.00050 1655M0 -1000 300 -1577.804336 0.1170 0 0 0 914.945 4.976  2671
##                                                                                               
## G 224 - 256  Section OP                                                                       
##                                                                                               
Element: 1024 0.2 2.5 0.0 0.00050 1656M0 -1000 300 -1568.896533 0.1170 0 0 0 919.366 4.867  2032
Element: 1025 0.2 2.5 0.0 0.00050 1672M0 -1000 300 -1579.102952 0.1170 0 0 0 923.654 4.757  2033
Element: 1026 0.2 2.5 0.0 0.00050 1657M0 -1000 300 -1576.272725 0.1170 0 0 0 928.013 4.781  2034
Element: 1027 0.2 2.5 0.0 0.00050 1673M0 -1000 300 -1577.869541 0.1170 0 0 0 932.372 4.806  2035
Element: 1028 0.2 2.5 0.0 0.00050 1658M0 -1000 300 -1582.240303 0.1170 0 0 0 936.733 4.829  2036
Element: 1029 0.2 2.5 0.0 0.00050 1674M0 -1000 300 -1581.793300 0.1170 0 0 0 941.096 4.854  2037
Element: 1030 0.2 2.5 0.0 0.00050 1659M0 -1000 300 -1579.683967 0.1170 0 0 0 945.460 4.878  2038
Element: 1031 0.2 2.5 0.0 0.00050 1675M0 -1000 300 -1578.347519 0.1170 0 0 0 949.827 4.901  2039
Element: 1032 0.2 2.5 0.0 0.00050 1660M0 -1000 300 -1577.176094 0.1170 0 0 0 954.194 4.925  2040
Element: 1033 0.2 2.5 0.0 0.00050 1676M0 -1000 300 -1579.670492 0.1170 0 0 0 958.563 4.950  2041
Element: 1034 0.2 2.5 0.0 0.00050 1661M0 -1000 300 -1571.605707 0.1170 0 0 0 962.932 4.974  2042
Element: 1035 0.2 2.5 0.0 0.00050 1677M0 -1000 300 -1577.897054 0.1170 0 0 0 967.304 4.998  2043
Element: 1036 0.2 2.5 0.0 0.00050 1662M0 -1000 300 -1571.223982 0.1170 0 0 0 971.737 4.903  2044
Element: 1037 0.2 2.5 0.0 0.00050 1678M0 -1000 300 -1579.400518 0.1170 0 0 0 976.051 4.808  2045
Element: 1038 0.2 2.5 0.0 0.00050 1663M0 -1000 300 -1570.789626 0.1170 0 0 0 980.425 4.831  2046
Element: 1039 0.2 2.5 0.0 0.00050 1679M0 -1000 300 -1575.092156 0.1170 0 0 0 984.801 4.854  2047
Element: 1040 0.2 2.5 0.0 0.00050 1664M0 -1000 300 -1577.950936 0.1170 0 0 0 989.177 4.879  2048
Element: 1041 0.2 2.5 0.0 0.00050 1680M0 -1000 300 -1572.190035 0.1170 0 0 0 993.555 4.902  2049
Element: 1042 0.2 2.5 0.0 0.00050 1665M0 -1000 300 -1575.276460 0.1170 0 0 0 997.933 4.924  2050
Element: 1043 0.2 2.5 0.0 0.00050 1681M0 -1000 300 -1567.214809 0.1170 0 0 0 1002.313 4.948  2051
Element: 1044 0.2 2.5 0.0 0.00050 1666M0 -1000 300 -1580.352215 0.1170 0 0 0 1006.692 4.972  2052
Element: 1045 0.2 2.5 0.0 0.00050 1682M0 -1000 300 -1571.218347 0.1170 0 0 0 1011.072 4.995  2053
Element: 1046 0.2 2.5 0.0 0.00050 1667M0 -1000 300 -1574.566613 0.1170 0 0 0 1015.454 5.017  2054
Element: 1047 0.2 2.5 0.0 0.00050 1683M0 -1000 300 -1573.395195 0.1170 0 0 0 1019.835 5.042  2055
Element: 1048 0.2 2.5 0.0 0.00050 1668M0 -1000 300 -1577.810645 0.1170 0 0 0 1024.278 4.942  2056
Element: 1049 0.2 2.5 0.0 0.00050 1684M0 -1000 300 -1564.842243 0.1170 0 0 0 1028.599 4.841  2057
Element: 1050 0.2 2.5 0.0 0.00050 1669M0 -1000 300 -1573.332333 0.1170 0 0 0 1032.982 4.865  2058
Element: 1051 0.2 2.5 0.0 0.00050 1685M0 -1000 300 -1568.271966 0.1170 0 0 0 1037.365 4.886  2059
Element: 1052 0.2 2.5 0.0 0.00050 1670M0 -1000 300 -1570.431733 0.1170 0 0 0 1041.748 4.910  2060
Element: 1053 0.2 2.5 0.0 0.00050 1686M0 -1000 300 -1562.408471 0.1170 0 0 0 1046.131 4.932  2061
Element: 1054 0.2 2.5 0.0 0.00050 1671M0 -1000 300 -1567.482854 0.1170 0 0 0 1050.515 4.956  2062
Element: 1055 0.2 2.5 0.0 0.00050 1687M0 -1000 300 -1562.810446 0.1170 0 0 0 1054.898 4.978  2063
##                                                                                               
## G 256 - 288  Section QR                                                                       
##                                                                                               
Element: 1056 0.2 2.5 0.0 0.00050 1688M0 -1000 300 -1562.476116 0.1170 0 0 0 1059.281 5.000  2320
Element: 1057 0.2 2.5 0.0 0.00050 1704M0 -1000 300 -1579.688796 0.1170 0 0 0 1063.665 5.023  2321
Element: 1058 0.2 2.5 0.0 0.00050 1689M0 -1000 300 -1574.316523 0.1170 0 0 0 1068.048 5.044  2322
Element: 1059 0.2 2.5 0.0 0.00050 1705M0 -1000 300 -1559.963982 0.1170 0 0 0 1072.431 5.068  2323
Element: 1060 0.2 2.5 0.0 0.00050 1690M0 -1000 300 -1574.057865 0.1170 0 0 0 1076.877 4.963  2324
Element: 1061 0.2 2.5 0.0 0.00050 1706M0 -1000 300 -1563.204810 0.1170 0 0 0 1081.196 4.859  2325
Element: 1062 0.2 2.5 0.0 0.00050 1691M0 -1000 300 -1565.678458 0.1170 0 0 0 1085.579 4.881  2326
Element: 1063 0.2 2.5 0.0 0.00050 1707M0 -1000 300 -1563.721749 0.1170 0 0 0 1089.960 4.903  2327
Element: 1064 0.2 2.5 0.0 0.00050 1692M0 -1000 300 -1570.728086 0.1170 0 0 0 1094.341 4.923  2328
Element: 1065 0.2 2.5 0.0 0.00050 1708M0 -1000 300 -1562.702419 0.1170 0 0 0 1098.723 4.947  2329
Element: 1066 0.2 2.5 0.0 0.00050 1693M0 -1000 300 -1566.253764 0.1170 0 0 0 1103.102 4.966  2330
Element: 1067 0.2 2.5 0.0 0.00050 1709M0 -1000 300 -1578.367890 0.1170 0 0 0 1107.482 4.990  2331
Element: 1068 0.2 2.5 0.0 0.00050 1694M0 -1000 300 -1570.630817 0.1170 0 0 0 1111.861 5.012  2332
Element: 1069 0.2 2.5 0.0 0.00050 1710M0 -1000 300 -1579.422232 0.1170 0 0 0 1116.239 5.032  2333
Element: 1070 0.2 2.5 0.0 0.00050 1695M0 -1000 300 -1565.611600 0.1170 0 0 0 1120.616 5.055  2334
Element: 1071 0.2 2.5 0.0 0.00050 1711M0 -1000 300 -1573.605187 0.1170 0 0 0 1124.993 5.076  2335
Element: 1072 0.2 2.5 0.0 0.00050 1696M0 -1000 300 -1432        0.1170 0 0 0 1129.423 4.988  2336
Element: 1073 0.2 2.5 0.0 0.00050 1712M0 -1000 300 -1430        0.1170 0 0 0 1133.744 4.903  2337
Element: 1074 0.2 2.5 0.0 0.00050 1697M0 -1000 300 -1431        0.1170 0 0 0 1138.117 4.923  2338
Element: 1075 0.2 2.5 0.0 0.00050 1713M0 -1000 300 -1426        0.1170 0 0 0 1142.490 4.944  2339
Element: 1076 0.2 2.5 0.0 0.00050 1698M0 -1000 300 -1435        0.1170 0 0 0 1146.862 4.965  2340
Element: 1077 0.2 2.5 0.0 0.00050 1714M0 -1000 300 -1430        0.1170 0 0 0 1151.232 4.988  2341
Element: 1078 0.2 2.5 0.0 0.00050 1699M0 -1000 300 -1430        0.1170 0 0 0 1155.600 5.007  2342
Element: 1079 0.2 2.5 0.0 0.00050 1715M0 -1000 300 -1430        0.1170 0 0 0 1159.969 5.027  2343
Element: 1080 0.2 2.5 0.0 0.00050 1700M0 -1000 300 -1436        0.1170 0 0 0 1164.336 5.049  2344
Element: 1081 0.2 2.5 0.0 0.00050 1716M0 -1000 300 -1422        0.1170 0 0 0 1168.702 5.070  2345
Element: 1082 0.2 2.5 0.0 0.00050 1701M0 -1000 300 -1429        0.1170 0 0 0 1173.065 5.091  2346
Element: 1083 0.2 2.5 0.0 0.00050 1717M0 -1000 300 -1423        0.1170 0 0 0 1177.428 5.111  2347
Element: 1084 0.2 2.5 0.0 0.00050 1702M0 -1000 300 -1422        0.1170 0 0 0 1181.856 4.999  2348
Element: 1085 0.2 2.5 0.0 0.00050 1718M0 -1000 300 -1423        0.1170 0 0 0 1186.149 4.885  2349
Element: 1086 0.2 2.5 0.0 0.00050 1703M0 -1000 300 -1428        0.1170 0 0 0 1190.508 4.907  2350
Element: 1087 0.2 2.5 0.0 0.00050 1719M0 -1000 300 -1418        0.1170 0 0 0 1194.864 4.926  2351
##                                                                                               
## G 288 - 320  Section ST                                                                       
##                                                                                               
Element: 1088 0.2 2.5 0.0 0.00050 1720M0 -1000 300 -1418        0.1170 0 0 0 1199.219 4.946  2608
Element: 1089 0.2 2.5 0.0 0.00050 1736M0 -1000 300 -1427        0.1170 0 0 0 1203.572 4.967  2609
Element: 1090 0.2 2.5 0.0 0.00050 1721M0 -1000 300 -1425        0.1170 0 0 0 1207.924 4.986  2610
Element: 1091 0.2 2.5 0.0 0.00050 1737M0 -1000 300 -1435        0.1170 0 0 0 1212.274 5.006  2611
Element: 1092 0.2 2.5 0.0 0.00050 1722M0 -1000 300 -1430        0.1170 0 0 0 1216.622 5.026  2612
Element: 1093 0.2 2.5 0.0 0.00050 1738M0 -1000 300 -1432        0.1170 0 0 0 1220.968 5.046  2613
Element: 1094 0.2 2.5 0.0 0.00050 1723M0 -1000 300 -1432        0.1170 0 0 0 1225.313 5.066  2614
Element: 1095 0.2 2.5 0.0 0.00050 1739M0 -1000 300 -1431        0.1170 0 0 0 1229.655 5.086  2615
Element: 1096 0.2 2.5 0.0 0.00050 1724M0 -1000 300 -1426        0.1170 0 0 0 1234.052 4.992  2616
Element: 1097 0.2 2.5 0.0 0.00050 1740M0 -1000 300 -1433        0.1170 0 0 0 1238.333 4.898  2617
Element: 1098 0.2 2.5 0.0 0.00050 1725M0 -1000 300 -1423        0.1170 0 0 0 1242.670 4.917  2618
Element: 1099 0.2 2.5 0.0 0.00050 1741M0 -1000 300 -1429        0.1170 0 0 0 1247.004 4.935  2619
Element: 1100 0.2 2.5 0.0 0.00050 1726M0 -1000 300 -1422        0.1170 0 0 0 1251.337 4.955  2620
Element: 1101 0.2 2.5 0.0 0.00050 1742M0 -1000 300 -1425        0.1170 0 0 0 1255.667 4.975  2621
Element: 1102 0.2 2.5 0.0 0.00050 1727M0 -1000 300 -1418        0.1170 0 0 0 1259.994 4.994  2622
Element: 1103 0.2 2.5 0.0 0.00050 1743M0 -1000 300 -1423        0.1170 0 0 0 1264.319 5.014  2623
Element: 1104 0.2 2.5 0.0 0.00050 1728M0 -1000 300 -1422        0.1170 0 0 0 1268.643 5.031  2624
Element: 1105 0.2 2.5 0.0 0.00050 1744M0 -1000 300 -1416        0.1170 0 0 0 1272.964 5.052  2625
Element: 1106 0.2 2.5 0.0 0.00050 1729M0 -1000 300 -1426        0.1170 0 0 0 1277.283 5.070  2626
Element: 1107 0.2 2.5 0.0 0.00050 1745M0 -1000 300 -1541        0.1170 0 0 0 1281.598 5.090  2627
Element: 1108 0.2 2.5 0.0 0.00050 1730M0 -1000 300 -1431        0.1170 0 0 0 1285.970 4.991  2628
Element: 1109 0.2 2.5 0.0 0.00050 1746M0 -1000 300 -1425        0.1170 0 0 0 1290.223 4.895  2629
Element: 1110 0.2 2.5 0.0 0.00050 1731M0 -1000 300 -1429        0.1170 0 0 0 1294.532 4.914  2630
Element: 1111 0.2 2.5 0.0 0.00050 1747M0 -1000 300 -1425        0.1170 0 0 0 1298.838 4.933  2631
Element: 1112 0.2 2.5 0.0 0.00050 1732M0 -1000 300 -1431        0.1170 0 0 0 1303.141 4.950  2632
Element: 1113 0.2 2.5 0.0 0.00050 1748M0 -1000 300 -1417        0.1170 0 0 0 1307.442 4.969  2633
Element: 1114 0.2 2.5 0.0 0.00050 1733M0 -1000 300 -1421        0.1170 0 0 0 1311.741 4.986  2634
Element: 1115 0.2 2.5 0.0 0.00050 1749M0 -1000 300 -1419        0.1170 0 0 0 1316.036 5.006  2635
Element: 1116 0.2 2.5 0.0 0.00050 1734M0 -1000 300 -1416        0.1170 0 0 0 1320.328 5.024  2636
Element: 1117 0.2 2.5 0.0 0.00050 1750M0 -1000 300 -1419        0.1170 0 0 0 1324.619 5.041  2637
Element: 1118 0.2 2.5 0.0 0.00050 1735M0 -1000 300 -1421        0.1170 0 0 0 1328.907 5.061  2638
Element: 1119 0.2 2.5 0.0 0.00050 1751M0 -1000 300 -1412        0.1170 0 0 0 1333.191 5.077  2639
##                                                                                               
## G 320 - 352  Section UV                                                                       
##                                                                                               
Element: 1120 0.2 2.5 0.0 0.00050 1752M0 -1000 300 -1417        0.1170 0 0 0 1337.473 5.097  2896
Element: 1121 0.2 2.5 0.0 0.00050 1768M0 -1000 300 -1430        0.1170 0 0 0 1341.810 4.997  2897
Element: 1122 0.2 2.5 0.0 0.00050 1753M0 -1000 300 -1422        0.1170 0 0 0 1346.026 4.895  2898
Element: 1123 0.2 2.5 0.0 0.00050 1769M0 -1000 300 -1426        0.1170 0 0 0 1350.300 4.913  2899
Element: 1124 0.2 2.5 0.0 0.00050 1754M0 -1000 300 -1429        0.1170 0 0 0 1354.570 4.930  2900
Element: 1125 0.2 2.5 0.0 0.00050 1770M0 -1000 300 -1427        0.1170 0 0 0 1358.836 4.946  2901
Element: 1126 0.2 2.5 0.0 0.00050 1755M0 -1000 300 -1427        0.1170 0 0 0 1363.101 4.965  2902
Element: 1127 0.2 2.5 0.0 0.00050 1771M0 -1000 300 -1428        0.1170 0 0 0 1367.361 4.983  2903
Element: 1128 0.2 2.5 0.0 0.00050 1756M0 -1000 300 -1427        0.1170 0 0 0 1371.619 5.000  2904
Element: 1129 0.2 2.5 0.0 0.00050 1772M0 -1000 300 -1426        0.1170 0 0 0 1375.874 5.018  2905
Element: 1130 0.2 2.5 0.0 0.00050 1757M0 -1000 300 -1419        0.1170 0 0 0 1380.125 5.034  2906
Element: 1131 0.2 2.5 0.0 0.00050 1773M0 -1000 300 -1427        0.1170 0 0 0 1384.374 5.053  2907
Element: 1132 0.2 2.5 0.0 0.00050 1758M0 -1000 300 -1419        0.1170 0 0 0 1388.618 5.069  2908
Element: 1133 0.2 2.5 0.0 0.00050 1774M0 -1000 300 -1425        0.1170 0 0 0 1392.861 5.087  2909
Element: 1134 0.2 2.5 0.0 0.00050 1759M0 -1000 300 -1421        0.1170 0 0 0 1397.160 4.983  2910
Element: 1135 0.2 2.5 0.0 0.00050 1775M0 -1000 300 -1426        0.1170 0 0 0 1401.335 4.878  2911
Element: 1136 0.2 2.5 0.0 0.00050 1760M0 -1000 300 -1423        0.1170 0 0 0 1405.566 4.896  2912
Element: 1137 0.2 2.5 0.0 0.00050 1776M0 -1000 300 -1415        0.1170 0 0 0 1409.795 4.912  2913
Element: 1138 0.2 2.5 0.0 0.00050 1761M0 -1000 300 -1400        0.1170 0 0 0 1414.020 4.929  2914
Element: 1139 0.2 2.5 0.0 0.00050 1777M0 -1000 300 -1400        0.1170 0 0 0 1418.242 4.946  2915
Element: 1140 0.2 2.5 0.0 0.00050 1762M0 -1000 300 -1426        0.1170 0 0 0 1422.460 4.962  2916
Element: 1141 0.2 2.5 0.0 0.00050 1778M0 -1000 300 -1423        0.1170 0 0 0 1426.675 4.978  2917
Element: 1142 0.2 2.5 0.0 0.00050 1763M0 -1000 300 -1421        0.1170 0 0 0 1430.887 4.993  2918
Element: 1143 0.2 2.5 0.0 0.00050 1779M0 -1000 300 -1430        0.1170 0 0 0 1435.095 5.012  2919
Element: 1144 0.2 2.5 0.0 0.00050 1764M0 -1000 300 -1428        0.1170 0 0 0 1439.299 5.028  2920
Element: 1145 0.2 2.5 0.0 0.00050 1780M0 -1000 300 -1415        0.1170 0 0 0 1443.500 5.045  2921
Element: 1146 0.2 2.5 0.0 0.00050 1765M0 -1000 300 -1423        0.1170 0 0 0 1447.697 5.062  2922
Element: 1147 0.2 2.5 0.0 0.00050 1781M0 -1000 300 -1420        0.1170 0 0 0 1451.953 4.953  2923
Element: 1148 0.2 2.5 0.0 0.00050 1766M0 -1000 300 -1411        0.1170 0 0 0 1456.082 4.846  2924
Element: 1149 0.2 2.5 0.0 0.00050 1782M0 -1000 300 -1416        0.1170 0 0 0 1460.269 4.862  2925
Element: 1150 0.2 2.5 0.0 0.00050 1767M0 -1000 300 -1422        0.1170 0 0 0 1464.452 4.879  2926
Element: 1151 0.2 2.5 0.0 0.00050 1783M0 -1000 300 -1415        0.1170 0 0 0 1468.631 4.894  2927
Initialise: 
#Display: 1D Nhits       32 0 32
#Display: 1D NhitsPrompt 32 0 32
#Display: 1D NhitsRand   32 0 32
#Display: 1D Hits        352 0 352
#Display: 1D HitsPrompt  352 0 352
#Display: 1D HitsRand    352 0 352
#Display: 1D EnergyOR    200 0 2.5
#Display: 1D TimeOR     2000 -1000 1000
#Display: 1D Energy 100 0 2.5   0 352
#Display: 1D Time  2000 -1000 1000  0 352
#Display: 1D Eelect   500 0 1445.0
#Display: 1D ScalerCurr 352 0 352
Display: 1D ScalerAcc  352 0 352
#Display: 1D Doubles  	352 0 352
#Display: 1D NDoubles  	32 0 32
#Display: 2D EnergyOR 100 0 2.5 -1 Hits 352 0 352 -1
#Display: 2D EnergyOR 100 0 2.5 -1 Doubles 352 0 352 -1
#Display: 2D TimeOR   200 50 167 -1 Hits 352 0 352 -1
#Display: 2D DiffTimeOR  100 -11.7 11.7 -1 Doubles 352 0 352 -1
#Display: 1D DiffTime  100 -11.7 11.7  0 352
#Display: 1D DiffTimeOR  100 -11.7 11.7
