#########################################################################
#                                                                       #
# Tagger configuration file for the May 09 beamtime                     #
#                                                                       #
#########################################################################

##	#FP	Energy?	Time?	Pos?
Size:	352	0	1	1
Multi-hit: 8
##
##	Scalers	Calib	Overlap	Micro	#trig	Toff	Tres
Misc:	1	1	0	0	0	248.0	5.0
#Misc:   1   1   1   0   0   250.0   5.0
##
#Window:   95. 120. 69. 94.
#Window:   95. 120. 121. 146.
##
## G 0 - 32  Section AB
##
Element: 816 0.2 2.5 0.0 0.00050 1438M0 -1000  300 -1642.744814 0.1170 0 0 0  110.717  1.990  164
Element: 800 0.2 2.5 0.0 0.00050 1432M0 -1000  300 -1634.372416 0.1170 0 0 0  112.723  2.073  152
Element: 817 0.2 2.5 0.0 0.00050 1454M0 -1000  300 -1643.575204 0.1170 0 0 0  114.812  2.157  165
Element: 801 0.2 2.5 0.0 0.00050 1448M0 -1000  300 -1653.702997 0.1170 0 0 0  116.985  2.240  153
Element: 818 0.2 2.5 0.0 0.00050 1439M0 -1000  300 -1643.163203 0.1170 0 0 0  119.242  2.328  166
Element: 802 0.2 2.5 0.0 0.00050 1433M0 -1000  300 -1644.419173 0.1170 0 0 0  121.583  2.417  154
Element: 819 0.2 2.5 0.0 0.00050 1455M0 -1000  300 -1653.314319 0.1170 0 0 0  124.020  2.510  167
Element: 803 0.2 2.5 0.0 0.00050 1449M0 -1000  300 -1647.508334 0.1170 0 0 0  126.546  2.601  155
Element: 820 0.2 2.5 0.0 0.00050 1440M0 -1000  300 -1647.061853 0.1170 0 0 0  129.160  2.690  168
Element: 804 0.2 2.5 0.0 0.00050 1434M0 -1000  300 -1648.991884 0.1170 0 0 0  131.860  2.775  156
Element: 821 0.2 2.5 0.0 0.00050 1456M0 -1000  300 -1632.289711 0.1170 0 0 0  134.642  2.859  169
Element: 805 0.2 2.5 0.0 0.00050 1450M0 -1000  300 -1645.412770 0.1170 0 0 0  137.504  2.934  157
Element: 822 0.2 2.5 0.0 0.00050 1441M0 -1000  300 -1648.683138 0.1170 0 0 0  140.439  3.008  170
Element: 806 0.2 2.5 0.0 0.00050 1435M0 -1000  300 -1647.008143 0.1170 0 0 0  143.443  3.075  158
Element: 823 0.2 2.5 0.0 0.00050 1457M0 -1000  300 -1631.849523 0.1170 0 0 0  146.510  3.136  171
Element: 807 0.2 2.5 0.0 0.00050 1451M0 -1000  300 -1649.334481 0.1170 0 0 0  149.630  3.188  159
Element: 824 0.2 2.5 0.0 0.00050 1442M0 -1000  300 -1652.885104 0.1170 0 0 0  152.800  3.235  172
Element: 808 0.2 2.5 0.0 0.00050 1436M0 -1000  300 -1644.158212 0.1170 0 0 0  156.007  3.270  160
Element: 825 0.2 2.5 0.0 0.00050 1458M0 -1000  300 -1647.312270 0.1170 0 0 0  159.246  3.296  173
Element: 809 0.2 2.5 0.0 0.00050 1452M0 -1000  300 -1646.909851 0.1170 0 0 0  162.500  3.310  161
Element: 826 0.2 2.5 0.0 0.00050 1443M0 -1000  300 -1653.750962 0.1170 0 0 0  165.771  3.314  174
Element: 810 0.2 2.5 0.0 0.00050 1437M0 -1000  300 -1650.307336 0.1170 0 0 0  169.038  3.306  162
Element: 827 0.2 2.5 0.0 0.00050 1459M0 -1000  300 -1648.069243 0.1170 0 0 0  172.293  3.285  175
Element: 811 0.2 2.5 0.0 0.00050 1453M0 -1000  300 -1644.010290 0.1170 0 0 0  175.524  3.255  163
Element: 828 0.2 2.5 0.0 0.00050 1444M0 -1000  300 -1653.996393 0.1170 0 0 0  178.722  3.218  176
Element: 829 0.2 2.5 0.0 0.00050 1460M0 -1000  300 -1641.974405 0.1170 0 0 0  181.880  3.175  177
Element: 830 0.2 2.5 0.0 0.00050 1445M0 -1000  300 -1646.789107 0.1170 0 0 0  184.988  3.122  178
Element: 831 0.2 2.5 0.0 0.00050 1461M0 -1000  300 -1551.736000 0.1170 0 0 0  188.045  3.072  179
Element: 812 0.2 2.5 0.0 0.00050 1446M0 -1000  300 -1606.891700 0.1170 0 0 0  191.048  3.017  180
Element: 813 0.2 2.5 0.0 0.00050 1462M0 -1000  300 -1635.989555 0.1170 0 0 0  193.996  2.967  181
Element: 814 0.2 2.5 0.0 0.00050 1447M0 -1000  300 -1643.419009 0.1170 0 0 0  196.897  2.923  182
Element: 815 0.2 2.5 0.0 0.00050 1463M0 -1000  300 -1638.448623 0.1170 0 0 0  199.757  2.882  183
##
## G 32 - 64  Section CD
##
Element: 832 0.2 2.5 0.0 0.00050 1464M0 -1000  300 -1654.850493 0.1170 0 0 0  202.559  2.891  184
Element: 833 0.2 2.5 0.0 0.00050 1480M0 -1000  300 -1662.056109 0.1170 0 0 0  205.372  2.943  185
Element: 834 0.2 2.5 0.0 0.00050 1465M0 -1000  300 -1655.489775 0.1170 0 0 0  208.171  2.982  186
Element: 835 0.2 2.5 0.0 0.00050 1481M0 -1000  300 -1651.136508 0.1170 0 0 0  210.977  3.007  187
Element: 836 0.2 2.5 0.0 0.00050 1466M0 -1000  300 -1653.797435 0.1170 0 0 0  213.802  3.019  188
Element: 837 0.2 2.5 0.0 0.00050 1482M0 -1000  300 -1654.698085 0.1170 0 0 0  216.649  3.039  189
Element: 838 0.2 2.5 0.0 0.00050 1467M0 -1000  300 -1650.823046 0.1170 0 0 0  219.549  2.988  190
Element: 839 0.2 2.5 0.0 0.00050 1483M0 -1000  300 -1650.581175 0.1170 0 0 0  222.382  2.940  191
Element: 840 0.2 2.5 0.0 0.00050 1468M0 -1000  300 -1654.141280 0.1170 0 0 0  225.263  2.965  192
Element: 841 0.2 2.5 0.0 0.00050 1484M0 -1000  300 -1651.002356 0.1170 0 0 0  228.156  2.995  193
Element: 842 0.2 2.5 0.0 0.00050 1469M0 -1000  300 -1647.691752 0.1170 0 0 0  231.061  3.022  194
Element: 843 0.2 2.5 0.0 0.00050 1485M0 -1000  300 -1653.460134 0.1170 0 0 0  233.974  3.052  195
Element: 844 0.2 2.5 0.0 0.00050 1470M0 -1000  300 -1643.970516 0.1170 0 0 0  236.900  3.080  196
Element: 845 0.2 2.5 0.0 0.00050 1486M0 -1000  300 -1648.961231 0.1170 0 0 0  239.836  3.110  197
Element: 846 0.2 2.5 0.0 0.00050 1471M0 -1000  300 -1640.139316 0.1170 0 0 0  242.784  3.139  198
Element: 847 0.2 2.5 0.0 0.00050 1487M0 -1000  300 -1653.102958 0.1170 0 0 0  245.741  3.166  199
Element: 848 0.2 2.5 0.0 0.00050 1472M0 -1000  300 -1642.664129 0.1170 0 0 0  248.750  3.118  200
Element: 849 0.2 2.5 0.0 0.00050 1488M0 -1000  300 -1637.409710 0.1170 0 0 0  251.692  3.068  201
Element: 850 0.2 2.5 0.0 0.00050 1473M0 -1000  300 -1646.243526 0.1170 0 0 0  254.684  3.097  202
Element: 851 0.2 2.5 0.0 0.00050 1489M0 -1000  300 -1634.431195 0.1170 0 0 0  257.687  3.124  203
Element: 852 0.2 2.5 0.0 0.00050 1474M0 -1000  300 -1649.487272 0.1170 0 0 0  260.701  3.154  204
Element: 853 0.2 2.5 0.0 0.00050 1490M0 -1000  300 -1637.707969 0.1170 0 0 0  263.728  3.181  205
Element: 854 0.2 2.5 0.0 0.00050 1475M0 -1000  300 -1645.240226 0.1170 0 0 0  266.766  3.210  206
Element: 855 0.2 2.5 0.0 0.00050 1491M0 -1000  300 -1638.239057 0.1170 0 0 0  269.816  3.239  207
Element: 856 0.2 2.5 0.0 0.00050 1476M0 -1000  300 -1643.490136 0.1170 0 0 0  272.909  3.203  208
Element: 857 0.2 2.5 0.0 0.00050 1492M0 -1000  300 -1628.810999 0.1170 0 0 0  275.949  3.164  209
Element: 858 0.2 2.5 0.0 0.00050 1477M0 -1000  300 -1638.133401 0.1170 0 0 0  279.033  3.193  210
Element: 859 0.2 2.5 0.0 0.00050 1493M0 -1000  300 -1631.251078 0.1170 0 0 0  282.130  3.220  211
Element: 860 0.2 2.5 0.0 0.00050 1478M0 -1000  300 -1626.253012 0.1170 0 0 0  285.237  3.249  212
Element: 861 0.2 2.5 0.0 0.00050 1494M0 -1000  300 -1632.449915 0.1170 0 0 0  288.356  3.276  213
Element: 862 0.2 2.5 0.0 0.00050 1479M0 -1000  300 -1636.628038 0.1170 0 0 0  291.488  3.307  214
Element: 863 0.2 2.5 0.0 0.00050 1495M0 -1000  300 -1628.069764 0.1170 0 0 0  294.631  3.338  215
##
## G 64 - 96  Section EF
##
Element: 864 0.2 2.5 0.0 0.00050 1496M0 -1000  300 -1641.713765 0.1170 0 0 0  297.785  3.366  216
Element: 865 0.2 2.5 0.0 0.00050 1512M0 -1000  300 -1642.875546 0.1170 0 0 0  300.952  3.395  217
Element: 866 0.2 2.5 0.0 0.00050 1497M0 -1000  300 -1643.918134 0.1170 0 0 0  304.129  3.423  218
Element: 867 0.2 2.5 0.0 0.00050 1513M0 -1000  300 -1644.996037 0.1170 0 0 0  307.360  3.371  219
Element: 868 0.2 2.5 0.0 0.00050 1498M0 -1000  300 -1643.562785 0.1170 0 0 0  310.520  3.317  220
Element: 869 0.2 2.5 0.0 0.00050 1514M0 -1000  300 -1645.593729 0.1170 0 0 0  313.732  3.346  221
Element: 870 0.2 2.5 0.0 0.00050 1499M0 -1000  300 -1643.320661 0.1170 0 0 0  316.958  3.374  222
Element: 871 0.2 2.5 0.0 0.00050 1515M0 -1000  300 -1644.369025 0.1170 0 0 0  320.194  3.404  223
Element: 872 0.2 2.5 0.0 0.00050 1500M0 -1000  300 -1642.074211 0.1170 0 0 0  323.443  3.433  224
Element: 873 0.2 2.5 0.0 0.00050 1516M0 -1000  300 -1642.977576 0.1170 0 0 0  326.703  3.462  225
Element: 874 0.2 2.5 0.0 0.00050 1501M0 -1000  300 -1633.938082 0.1170 0 0 0  329.975  3.491  226
Element: 875 0.2 2.5 0.0 0.00050 1517M0 -1000  300 -1645.675523 0.1170 0 0 0  333.258  3.521  227
Element: 876 0.2 2.5 0.0 0.00050 1502M0 -1000  300 -1633.460352 0.1170 0 0 0  336.588  3.480  228
Element: 877 0.2 2.5 0.0 0.00050 1518M0 -1000  300 -1637.511708 0.1170 0 0 0  339.860  3.437  229
Element: 878 0.2 2.5 0.0 0.00050 1503M0 -1000  300 -1633.658177 0.1170 0 0 0  343.177  3.466  230
Element: 879 0.2 2.5 0.0 0.00050 1519M0 -1000  300 -1642.250012 0.1170 0 0 0  346.508  3.494  231
Element: 880 0.2 2.5 0.0 0.00050 1504M0 -1000  300 -1635.646631 0.1170 0 0 0  349.849  3.526  232
Element: 881 0.2 2.5 0.0 0.00050 1520M0 -1000  300 -1633.931776 0.1170 0 0 0  353.201  3.552  233
Element: 882 0.2 2.5 0.0 0.00050 1505M0 -1000  300 -1636.400892 0.1170 0 0 0  356.566  3.582  234
Element: 883 0.2 2.5 0.0 0.00050 1521M0 -1000  300 -1627.981831 0.1170 0 0 0  359.941  3.611  235
Element: 884 0.2 2.5 0.0 0.00050 1506M0 -1000  300 -1639.731879 0.1170 0 0 0  363.329  3.642  236
Element: 885 0.2 2.5 0.0 0.00050 1522M0 -1000  300 -1631.537421 0.1170 0 0 0  366.765  3.596  237
Element: 886 0.2 2.5 0.0 0.00050 1507M0 -1000  300 -1634.917421 0.1170 0 0 0  370.137  3.550  238
Element: 887 0.2 2.5 0.0 0.00050 1523M0 -1000  300 -1635.436626 0.1170 0 0 0  373.559  3.579  239
Element: 888 0.2 2.5 0.0 0.00050 1508M0 -1000  300 -1642.084067 0.1170 0 0 0  376.992  3.609  240
Element: 889 0.2 2.5 0.0 0.00050 1524M0 -1000  300 -1626.506098 0.1170 0 0 0  380.436  3.638  241
Element: 890 0.2 2.5 0.0 0.00050 1509M0 -1000  300 -1625.628450 0.1170 0 0 0  383.890  3.666  242
Element: 891 0.2 2.5 0.0 0.00050 1525M0 -1000  300 -1627.474697 0.1170 0 0 0  387.357  3.695  243
Element: 892 0.2 2.5 0.0 0.00050 1510M0 -1000  300 -1617.793485 0.1170 0 0 0  390.834  3.725  244
Element: 893 0.2 2.5 0.0 0.00050 1526M0 -1000  300 -1621.436948 0.1170 0 0 0  394.323  3.755  245
Element: 894 0.2 2.5 0.0 0.00050 1511M0 -1000  300 -1623.913152 0.1170 0 0 0  397.856  3.718  246
Element: 895 0.2 2.5 0.0 0.00050 1527M0 -1000  300 -1616.567540 0.1170 0 0 0  401.333  3.678  247
##
## G 96 - 128  Section GH
##
Element: 896 0.2 2.5 0.0 0.00050 1528M0 -1000  300 -1627.492983 0.1170 0 0 0  404.854  3.708  248
Element: 897 0.2 2.5 0.0 0.00050 1544M0 -1000  300 -1640.285403 0.1170 0 0 0  408.386  3.736  249
Element: 898 0.2 2.5 0.0 0.00050 1529M0 -1000  300 -1634.702258 0.1170 0 0 0  411.930  3.766  250
Element: 899 0.2 2.5 0.0 0.00050 1545M0 -1000  300 -1635.893809 0.1170 0 0 0  415.484  3.794  251
Element: 900 0.2 2.5 0.0 0.00050 1530M0 -1000  300 -1638.987070 0.1170 0 0 0  419.049  3.825  252
Element: 901 0.2 2.5 0.0 0.00050 1546M0 -1000  300 -1639.277306 0.1170 0 0 0  422.625  3.854  253
Element: 902 0.2 2.5 0.0 0.00050 1531M0 -1000  300 -1626.588139 0.1170 0 0 0  426.211  3.884  254
Element: 903 0.2 2.5 0.0 0.00050 1547M0 -1000  300 -1625.682649 0.1170 0 0 0  429.849  3.831  255
Element: 904 0.2 2.5 0.0 0.00050 1532M0 -1000  300 -1625.612639 0.1170 0 0 0  433.415  3.777  256
Element: 905 0.2 2.5 0.0 0.00050 1548M0 -1000  300 -1634.325417 0.1170 0 0 0  437.034  3.806  257
Element: 906 0.2 2.5 0.0 0.00050 1533M0 -1000  300 -1627.335030 0.1170 0 0 0  440.661  3.836  258
Element: 907 0.2 2.5 0.0 0.00050 1549M0 -1000  300 -1623.931274 0.1170 0 0 0  444.301  3.864  259
Element: 908 0.2 2.5 0.0 0.00050 1534M0 -1000  300 -1620.976749 0.1170 0 0 0  447.950  3.894  260
Element: 909 0.2 2.5 0.0 0.00050 1550M0 -1000  300 -1622.352114 0.1170 0 0 0  451.610  3.923  261
Element: 910 0.2 2.5 0.0 0.00050 1535M0 -1000  300 -1616.795811 0.1170 0 0 0  455.280  3.952  262
Element: 911 0.2 2.5 0.0 0.00050 1551M0 -1000  300 -1635.969898 0.1170 0 0 0  458.959  3.981  263
Element: 912 0.2 2.5 0.0 0.00050 1536M0 -1000  300 -1632.984521 0.1170 0 0 0  462.650  4.011  264
Element: 913 0.2 2.5 0.0 0.00050 1552M0 -1000  300 -1612.552598 0.1170 0 0 0  466.388  3.967  265
Element: 914 0.2 2.5 0.0 0.00050 1537M0 -1000  300 -1632.807909 0.1170 0 0 0  470.060  3.920  266
Element: 915 0.2 2.5 0.0 0.00050 1553M0 -1000  300 -1623.558215 0.1170 0 0 0  473.780  3.948  267
Element: 916 0.2 2.5 0.0 0.00050 1538M0 -1000  300 -1632.142179 0.1170 0 0 0  477.510  3.979  268
Element: 917 0.2 2.5 0.0 0.00050 1554M0 -1000  300 -1627.956917 0.1170 0 0 0  481.250  4.007  269
Element: 918 0.2 2.5 0.0 0.00050 1539M0 -1000  300 -1618.589205 0.1170 0 0 0  485.000  4.037  270
Element: 919 0.2 2.5 0.0 0.00050 1555M0 -1000  300 -1624.653664 0.1170 0 0 0  488.760  4.066  271
Element: 920 0.2 2.5 0.0 0.00050 1540M0 -1000  300 -1636.815438 0.1170 0 0 0  492.529  4.096  272
Element: 921 0.2 2.5 0.0 0.00050 1556M0 -1000  300 -1613.599282 0.1170 0 0 0  496.307  4.125  273
Element: 922 0.2 2.5 0.0 0.00050 1541M0 -1000  300 -1623.480768 0.1170 0 0 0  500.095  4.155  274
Element: 923 0.2 2.5 0.0 0.00050 1557M0 -1000  300 -1620.458600 0.1170 0 0 0  503.938  4.093  275
Element: 924 0.2 2.5 0.0 0.00050 1542M0 -1000  300 -1623.702163 0.1170 0 0 0  507.699  4.029  276
Element: 925 0.2 2.5 0.0 0.00050 1558M0 -1000  300 -1621.454977 0.1170 0 0 0  511.517  4.058  277
Element: 926 0.2 2.5 0.0 0.00050 1543M0 -1000  300 -1625.293788 0.1170 0 0 0  515.341  4.087  278
Element: 927 0.2 2.5 0.0 0.00050 1559M0 -1000  300 -1612.437990 0.1170 0 0 0  519.176  4.116  279
##
## G 128 - 160  Section IJ
##
Element: 928 0.2 2.5 0.0 0.00050 1560M0 -1000  300 -1598.546385 0.1170 0 0 0  523.019  4.146  280
Element: 929 0.2 2.5 0.0 0.00050 1576M0 -1000  300 -1607.911913 0.1170 0 0 0  526.872  4.175  281
Element: 930 0.2 2.5 0.0 0.00050 1561M0 -1000  300 -1605.581760 0.1170 0 0 0  530.734  4.205  282
Element: 931 0.2 2.5 0.0 0.00050 1577M0 -1000  300 -1607.890951 0.1170 0 0 0  534.605  4.233  283
Element: 932 0.2 2.5 0.0 0.00050 1562M0 -1000  300 -1616.630638 0.1170 0 0 0  538.485  4.263  284
Element: 933 0.2 2.5 0.0 0.00050 1578M0 -1000  300 -1608.129305 0.1170 0 0 0  542.421  4.196  285
Element: 934 0.2 2.5 0.0 0.00050 1563M0 -1000  300 -1606.366624 0.1170 0 0 0  546.269  4.129  286
Element: 935 0.2 2.5 0.0 0.00050 1579M0 -1000  300 -1611.961373 0.1170 0 0 0  550.175  4.156  287
Element: 936 0.2 2.5 0.0 0.00050 1564M0 -1000  300 -1609.720865 0.1170 0 0 0  554.089  4.187  288
Element: 937 0.2 2.5 0.0 0.00050 1580M0 -1000  300 -1608.585563 0.1170 0 0 0  558.012  4.213  289
Element: 938 0.2 2.5 0.0 0.00050 1565M0 -1000  300 -1606.902123 0.1170 0 0 0  561.943  4.243  290
Element: 939 0.2 2.5 0.0 0.00050 1581M0 -1000  300 -1609.347188 0.1170 0 0 0  565.882  4.271  291
Element: 940 0.2 2.5 0.0 0.00050 1566M0 -1000  300 -1602.727523 0.1170 0 0 0  569.830  4.301  292
Element: 941 0.2 2.5 0.0 0.00050 1582M0 -1000  300 -1606.563210 0.1170 0 0 0  573.786  4.330  293
Element: 942 0.2 2.5 0.0 0.00050 1567M0 -1000  300 -1600.399281 0.1170 0 0 0  577.749  4.359  294
Element: 943 0.2 2.5 0.0 0.00050 1583M0 -1000  300 -1608.729899 0.1170 0 0 0  581.721  4.388  295
Element: 944 0.2 2.5 0.0 0.00050 1568M0 -1000  300 -1603.573651 0.1170 0 0 0  585.752  4.316  296
Element: 945 0.2 2.5 0.0 0.00050 1584M0 -1000  300 -1599.945887 0.1170 0 0 0  589.690  4.244  297
Element: 946 0.2 2.5 0.0 0.00050 1569M0 -1000  300 -1603.811922 0.1170 0 0 0  593.686  4.272  298
Element: 947 0.2 2.5 0.0 0.00050 1585M0 -1000  300 -1595.338374 0.1170 0 0 0  597.689  4.299  299
Element: 948 0.2 2.5 0.0 0.00050 1570M0 -1000  300 -1606.912793 0.1170 0 0 0  601.700  4.329  300
Element: 949 0.2 2.5 0.0 0.00050 1586M0 -1000  300 -1602.295232 0.1170 0 0 0  605.719  4.356  301
Element: 950 0.2 2.5 0.0 0.00050 1571M0 -1000  300 -1605.035118 0.1170 0 0 0  609.746  4.386  302
Element: 951 0.2 2.5 0.0 0.00050 1587M0 -1000  300 -1601.035574 0.1170 0 0 0  613.779  4.414  303
Element: 952 0.2 2.5 0.0 0.00050 1572M0 -1000  300 -1606.291481 0.1170 0 0 0  617.820  4.442  304
Element: 953 0.2 2.5 0.0 0.00050 1588M0 -1000  300 -1596.256620 0.1170 0 0 0  621.869  4.471  305
Element: 954 0.2 2.5 0.0 0.00050 1573M0 -1000  300 -1601.708000 0.1170 0 0 0  625.924  4.499  306
Element: 955 0.2 2.5 0.0 0.00050 1589M0 -1000  300 -1610.706178 0.1170 0 0 0  630.040  4.423  307
Element: 956 0.2 2.5 0.0 0.00050 1574M0 -1000  300 -1595.342139 0.1170 0 0 0  634.057  4.345  308
Element: 957 0.2 2.5 0.0 0.00050 1590M0 -1000  300 -1590.926669 0.1170 0 0 0  638.134  4.374  309
Element: 958 0.2 2.5 0.0 0.00050 1575M0 -1000  300 -1604.675653 0.1170 0 0 0  642.218  4.399  310
Element: 959 0.2 2.5 0.0 0.00050 1591M0 -1000  300 -1603.237445 0.1170 0 0 0  646.309  4.429  311
##
## G 160 - 192  Section KL
##
Element: 960 0.2 2.5 0.0 0.00050 1592M0 -1000  300 -1592.296108 0.1170 0 0 0  650.406  4.456  312
Element: 961 0.2 2.5 0.0 0.00050 1608M0 -1000  300 -1613.113274 0.1170 0 0 0  654.511  4.485  313
Element: 962 0.2 2.5 0.0 0.00050 1593M0 -1000  300 -1611.152527 0.1170 0 0 0  658.621  4.513  314
Element: 963 0.2 2.5 0.0 0.00050 1609M0 -1000  300 -1612.177205 0.1170 0 0 0  662.738  4.542  315
Element: 964 0.2 2.5 0.0 0.00050 1594M0 -1000  300 -1610.212320 0.1170 0 0 0  666.862  4.569  316
Element: 965 0.2 2.5 0.0 0.00050 1610M0 -1000  300 -1607.484028 0.1170 0 0 0  670.993  4.597  317
Element: 966 0.2 2.5 0.0 0.00050 1595M0 -1000  300 -1610.624061 0.1170 0 0 0  675.184  4.517  318
Element: 967 0.2 2.5 0.0 0.00050 1611M0 -1000  300 -1612.849763 0.1170 0 0 0  679.272  4.432  319
Element: 968 0.2 2.5 0.0 0.00050 1596M0 -1000  300 -1610.949079 0.1170 0 0 0  683.421  4.458  320
Element: 969 0.2 2.5 0.0 0.00050 1612M0 -1000  300 -1607.671003 0.1170 0 0 0  687.576  4.488  321
Element: 970 0.2 2.5 0.0 0.00050 1597M0 -1000  300 -1592.935915 0.1170 0 0 0  691.737  4.514  322
Element: 971 0.2 2.5 0.0 0.00050 1613M0 -1000  300 -1612.595812 0.1170 0 0 0  695.904  4.542  323
Element: 972 0.2 2.5 0.0 0.00050 1598M0 -1000  300 -1602.155777 0.1170 0 0 0  700.076  4.571  324
Element: 973 0.2 2.5 0.0 0.00050 1614M0 -1000  300 -1598.057573 0.1170 0 0 0  704.255  4.596  325
Element: 974 0.2 2.5 0.0 0.00050 1599M0 -1000  300 -1587.226541 0.1170 0 0 0  708.440  4.626  326
Element: 975 0.2 2.5 0.0 0.00050 1615M0 -1000  300 -1599.614881 0.1170 0 0 0  712.629  4.652  327
Element: 976 0.2 2.5 0.0 0.00050 1600M0 -1000  300 -1596.506641 0.1170 0 0 0  716.825  4.680  328
Element: 977 0.2 2.5 0.0 0.00050 1616M0 -1000  300 -1589.348701 0.1170 0 0 0  721.075  4.610  329
Element: 978 0.2 2.5 0.0 0.00050 1601M0 -1000  300 -1601.221829 0.1170 0 0 0  725.232  4.537  330
Element: 979 0.2 2.5 0.0 0.00050 1617M0 -1000  300 -1585.082698 0.1170 0 0 0  729.444  4.564  331
Element: 980 0.2 2.5 0.0 0.00050 1602M0 -1000  300 -1602.657660 0.1170 0 0 0  733.660  4.591  332
Element: 981 0.2 2.5 0.0 0.00050 1618M0 -1000  300 -1598.797253 0.1170 0 0 0  737.882  4.618  333
Element: 982 0.2 2.5 0.0 0.00050 1603M0 -1000  300 -1606.290538 0.1170 0 0 0  742.109  4.644  334
Element: 983 0.2 2.5 0.0 0.00050 1619M0 -1000  300 -1609.482807 0.1170 0 0 0  746.341  4.673  335
Element: 984 0.2 2.5 0.0 0.00050 1604M0 -1000  300 -1614.611992 0.1170 0 0 0  750.578  4.700  336
Element: 985 0.2 2.5 0.0 0.00050 1620M0 -1000  300 -1587.074337 0.1170 0 0 0  754.820  4.725  337
Element: 986 0.2 2.5 0.0 0.00050 1605M0 -1000  300 -1592.398857 0.1170 0 0 0  759.067  4.754  338
Element: 987 0.2 2.5 0.0 0.00050 1621M0 -1000  300 -1590.905769 0.1170 0 0 0  763.318  4.780  339
Element: 988 0.2 2.5 0.0 0.00050 1606M0 -1000  300 -1587.734209 0.1170 0 0 0  767.634  4.688  340
Element: 989 0.2 2.5 0.0 0.00050 1622M0 -1000  300 -1584.969850 0.1170 0 0 0  771.834  4.594  341
Element: 990 0.2 2.5 0.0 0.00050 1607M0 -1000  300 -1584.422223 0.1170 0 0 0  776.099  4.620  342
Element: 991 0.2 2.5 0.0 0.00050 1623M0 -1000  300 -1578.373028 0.1170 0 0 0  780.368  4.648  343
##
## G 192 - 224  Section MN
##
Element: 992 0.2 2.5 0.0 0.00050 1624M0  -1000 300 -1581.599875 0.1170 0 0 0  784.642  4.673  344
Element: 993 0.2 2.5 0.0 0.00050 1640M0  -1000 300 -1592.686219 0.1170 0 0 0  788.920  4.700  345
Element: 994 0.2 2.5 0.0 0.00050 1625M0  -1000 300 -1587.842369 0.1170 0 0 0  793.201  4.726  346
Element: 995 0.2 2.5 0.0 0.00050 1641M0  -1000 300 -1594.324327 0.1170 0 0 0  797.488  4.752  347
Element: 996 0.2 2.5 0.0 0.00050 1626M0  -1000 300 -1598.099775 0.1170 0 0 0  801.778  4.779  348
Element: 997 0.2 2.5 0.0 0.00050 1642M0  -1000 300 -1595.121459 0.1170 0 0 0  806.072  4.806  349
Element: 998 0.2 2.5 0.0 0.00050 1627M0  -1000 300 -1593.540892 0.1170 0 0 0  810.371  4.833  350
Element: 999 0.2 2.5 0.0 0.00050 1643M0  -1000 300 -1593.403453 0.1170 0 0 0  814.672  4.860  351
Element: 1000 0.2 2.5 0.0 0.00050 1628M0 -1000 300 -1595.024198 0.1170 0 0 0  819.031  4.778  352
Element: 1001 0.2 2.5 0.0 0.00050 1644M0 -1000 300 -1597.720848 0.1170 0 0 0  823.286  4.697  353
Element: 1002 0.2 2.5 0.0 0.00050 1629M0 -1000 300 -1591.569618 0.1170 0 0 0  827.599  4.723  354
Element: 1003 0.2 2.5 0.0 0.00050 1645M0 -1000 300 -1595.635235 0.1170 0 0 0  831.915  4.749  355
Element: 1004 0.2 2.5 0.0 0.00050 1630M0 -1000 300 -1587.401052 0.1170 0 0 0  836.235  4.774  356
Element: 1005 0.2 2.5 0.0 0.00050 1646M0 -1000 300 -1605.743435 0.1170 0 0 0  840.557  4.800  357
Element: 1006 0.2 2.5 0.0 0.00050 1631M0 -1000 300 -1603.573056 0.1170 0 0 0  844.883  4.825  358
Element: 1007 0.2 2.5 0.0 0.00050 1647M0 -1000 300 -1609.932440 0.1170 0 0 0  849.213  4.852  359
Element: 1008 0.2 2.5 0.0 0.00050 1632M0 -1000 300 -1598.606782 0.1170 0 0 0  853.545  4.877  360
Element: 1009 0.2 2.5 0.0 0.00050 1648M0 -1000 300 -1580.270980 0.1170 0 0 0  857.881  4.903  361
Element: 1010 0.2 2.5 0.0 0.00050 1633M0 -1000 300 -1598.774108 0.1170 0 0 0  862.220  4.930  362
Element: 1011 0.2 2.5 0.0 0.00050 1649M0 -1000 300 -1597.995984 0.1170 0 0 0  866.561  4.956  363
Element: 1012 0.2 2.5 0.0 0.00050 1634M0 -1000 300 -1607.524507 0.1170 0 0 0  870.971  4.852  364
Element: 1013 0.2 2.5 0.0 0.00050 1650M0 -1000 300 -1598.196759 0.1170 0 0 0  875.252  4.746  365
Element: 1014 0.2 2.5 0.0 0.00050 1635M0 -1000 300 -1587.864807 0.1170 0 0 0  879.602  4.771  366
Element: 1015 0.2 2.5 0.0 0.00050 1651M0 -1000 300 -1583.376818 0.1170 0 0 0  883.955  4.796  367
Element: 1016 0.2 2.5 0.0 0.00050 1636M0 -1000 300 -1601.959005 0.1170 0 0 0  888.309  4.822  368
Element: 1017 0.2 2.5 0.0 0.00050 1652M0 -1000 300 -1582.244025 0.1170 0 0 0  892.666  4.846  369
Element: 1018 0.2 2.5 0.0 0.00050 1637M0 -1000 300 -1583.603679 0.1170 0 0 0  897.026  4.871  370
Element: 1019 0.2 2.5 0.0 0.00050 1653M0 -1000 300 -1582.187852 0.1170 0 0 0  901.389  4.897  371
Element: 1020 0.2 2.5 0.0 0.00050 1638M0 -1000 300 -1580.074948 0.1170 0 0 0  905.752  4.922  372
Element: 1021 0.2 2.5 0.0 0.00050 1654M0 -1000 300 -1580.741695 0.1170 0 0 0  910.119  4.947  373
Element: 1022 0.2 2.5 0.0 0.00050 1639M0 -1000 300 -1584.517508 0.1170 0 0 0  914.488  4.972  374
Element: 1023 0.2 2.5 0.0 0.00050 1655M0 -1000 300 -1577.804336 0.1170 0 0 0  918.859  4.997  375
##
## G 224 - 256  Section OP
##
Element: 1024 0.2 2.5 0.0 0.00050 1656M0 -1000 300 -1568.896533 0.1170 0 0 0  923.299  4.888  376
Element: 1025 0.2 2.5 0.0 0.00050 1672M0 -1000 300 -1579.102952 0.1170 0 0 0  927.605  4.777  377
Element: 1026 0.2 2.5 0.0 0.00050 1657M0 -1000 300 -1576.272725 0.1170 0 0 0  931.983  4.800  378
Element: 1027 0.2 2.5 0.0 0.00050 1673M0 -1000 300 -1577.869541 0.1170 0 0 0  936.361  4.826  379
Element: 1028 0.2 2.5 0.0 0.00050 1658M0 -1000 300 -1582.240303 0.1170 0 0 0  940.741  4.849  380
Element: 1029 0.2 2.5 0.0 0.00050 1674M0 -1000 300 -1581.793300 0.1170 0 0 0  945.122  4.874  381
Element: 1030 0.2 2.5 0.0 0.00050 1659M0 -1000 300 -1579.683967 0.1170 0 0 0  949.506  4.899  382
Element: 1031 0.2 2.5 0.0 0.00050 1675M0 -1000 300 -1578.347519 0.1170 0 0 0  953.891  4.922  383
Element: 1032 0.2 2.5 0.0 0.00050 1660M0 -1000 300 -1577.176094 0.1170 0 0 0  958.277  4.946  384
Element: 1033 0.2 2.5 0.0 0.00050 1676M0 -1000 300 -1579.670492 0.1170 0 0 0  962.665  4.971  385
Element: 1034 0.2 2.5 0.0 0.00050 1661M0 -1000 300 -1571.605707 0.1170 0 0 0  967.053  4.995  386
Element: 1035 0.2 2.5 0.0 0.00050 1677M0 -1000 300 -1577.897054 0.1170 0 0 0  971.443  5.019  387
Element: 1036 0.2 2.5 0.0 0.00050 1662M0 -1000 300 -1571.223982 0.1170 0 0 0  975.895  4.925  388
Element: 1037 0.2 2.5 0.0 0.00050 1678M0 -1000 300 -1579.400518 0.1170 0 0 0  980.227  4.828  389
Element: 1038 0.2 2.5 0.0 0.00050 1663M0 -1000 300 -1570.789626 0.1170 0 0 0  984.621  4.852  390
Element: 1039 0.2 2.5 0.0 0.00050 1679M0 -1000 300 -1575.092156 0.1170 0 0 0  989.015  4.876  391
Element: 1040 0.2 2.5 0.0 0.00050 1664M0 -1000 300 -1577.950936 0.1170 0 0 0  993.411  4.900  392
Element: 1041 0.2 2.5 0.0 0.00050 1680M0 -1000 300 -1572.190035 0.1170 0 0 0  997.807  4.922  393
Element: 1042 0.2 2.5 0.0 0.00050 1665M0 -1000 300 -1575.276460 0.1170 0 0 0 1002.205  4.945  394
Element: 1043 0.2 2.5 0.0 0.00050 1681M0 -1000 300 -1567.214809 0.1170 0 0 0 1006.602  4.969  395
Element: 1044 0.2 2.5 0.0 0.00050 1666M0 -1000 300 -1580.352215 0.1170 0 0 0 1011.001  4.993  396
Element: 1045 0.2 2.5 0.0 0.00050 1682M0 -1000 300 -1571.218347 0.1170 0 0 0 1015.400  5.016  397
Element: 1046 0.2 2.5 0.0 0.00050 1667M0 -1000 300 -1574.566613 0.1170 0 0 0 1019.800  5.038  398
Element: 1047 0.2 2.5 0.0 0.00050 1683M0 -1000 300 -1573.395195 0.1170 0 0 0 1024.201  5.063  399
Element: 1048 0.2 2.5 0.0 0.00050 1668M0 -1000 300 -1577.810645 0.1170 0 0 0 1028.663  4.963  400
Element: 1049 0.2 2.5 0.0 0.00050 1684M0 -1000 300 -1564.842243 0.1170 0 0 0 1033.002  4.863  401
Element: 1050 0.2 2.5 0.0 0.00050 1669M0 -1000 300 -1573.332333 0.1170 0 0 0 1037.404  4.886  402
Element: 1051 0.2 2.5 0.0 0.00050 1685M0 -1000 300 -1568.271966 0.1170 0 0 0 1041.806  4.907  403
Element: 1052 0.2 2.5 0.0 0.00050 1670M0 -1000 300 -1570.431733 0.1170 0 0 0 1046.208  4.931  404
Element: 1053 0.2 2.5 0.0 0.00050 1686M0 -1000 300 -1562.408471 0.1170 0 0 0 1050.610  4.953  405
Element: 1054 0.2 2.5 0.0 0.00050 1671M0 -1000 300 -1567.482854 0.1170 0 0 0 1055.012  4.977  406
Element: 1055 0.2 2.5 0.0 0.00050 1687M0 -1000 300 -1562.810446 0.1170 0 0 0 1059.414  4.998  407
##
## G 256 - 288  Section QR
##
Element: 1056 0.2 2.5 0.0 0.00050 1688M0 -1000 300 -1562.476116 0.1170 0 0 0  1063.817  5.022  408
Element: 1057 0.2 2.5 0.0 0.00050 1704M0 -1000 300 -1579.688796 0.1170 0 0 0  1068.219  5.044  409
Element: 1058 0.2 2.5 0.0 0.00050 1689M0 -1000 300 -1574.316523 0.1170 0 0 0  1072.621  5.066  410
Element: 1059 0.2 2.5 0.0 0.00050 1705M0 -1000 300 -1559.963982 0.1170 0 0 0  1077.023  5.089  411
Element: 1060 0.2 2.5 0.0 0.00050 1690M0 -1000 300 -1574.057865 0.1170 0 0 0  1081.488  4.984  412
Element: 1061 0.2 2.5 0.0 0.00050 1706M0 -1000 300 -1563.204810 0.1170 0 0 0  1085.826  4.880  413
Element: 1062 0.2 2.5 0.0 0.00050 1691M0 -1000 300 -1565.678458 0.1170 0 0 0  1090.227  4.903  414
Element: 1063 0.2 2.5 0.0 0.00050 1707M0 -1000 300 -1563.721749 0.1170 0 0 0  1094.627  4.923  415
Element: 1064 0.2 2.5 0.0 0.00050 1692M0 -1000 300 -1570.728086 0.1170 0 0 0  1099.028  4.944  416
Element: 1065 0.2 2.5 0.0 0.00050 1708M0 -1000 300 -1562.702419 0.1170 0 0 0  1103.428  4.968  417
Element: 1066 0.2 2.5 0.0 0.00050 1693M0 -1000 300 -1566.253764 0.1170 0 0 0  1107.826  4.989  418
Element: 1067 0.2 2.5 0.0 0.00050 1709M0 -1000 300 -1578.367890 0.1170 0 0 0  1112.225  5.010  419
Element: 1068 0.2 2.5 0.0 0.00050 1694M0 -1000 300 -1570.630817 0.1170 0 0 0  1116.623  5.033  420
Element: 1069 0.2 2.5 0.0 0.00050 1710M0 -1000 300 -1579.422232 0.1170 0 0 0  1121.019  5.054  421
Element: 1070 0.2 2.5 0.0 0.00050 1695M0 -1000 300 -1565.611600 0.1170 0 0 0  1125.416  5.076  422
Element: 1071 0.2 2.5 0.0 0.00050 1711M0 -1000 300 -1573.605187 0.1170 0 0 0  1129.811  5.097  423
Element: 1072 0.2 2.5 0.0 0.00050 1696M0 -1000 300 -1432        0.1170 0 0 0  1134.261  5.009  424
Element: 1073 0.2 2.5 0.0 0.00050 1712M0 -1000 300 -1430        0.1170 0 0 0  1138.600  4.924  425
Element: 1074 0.2 2.5 0.0 0.00050 1697M0 -1000 300 -1431        0.1170 0 0 0  1142.992  4.944  426
Element: 1075 0.2 2.5 0.0 0.00050 1713M0 -1000 300 -1426        0.1170 0 0 0  1147.384  4.964  427
Element: 1076 0.2 2.5 0.0 0.00050 1698M0 -1000 300 -1435        0.1170 0 0 0  1151.774  4.986  428
Element: 1077 0.2 2.5 0.0 0.00050 1714M0 -1000 300 -1430        0.1170 0 0 0  1156.163  5.008  429
Element: 1078 0.2 2.5 0.0 0.00050 1699M0 -1000 300 -1430        0.1170 0 0 0  1160.550  5.028  430
Element: 1079 0.2 2.5 0.0 0.00050 1715M0 -1000 300 -1430        0.1170 0 0 0  1164.938  5.049  431
Element: 1080 0.2 2.5 0.0 0.00050 1700M0 -1000 300 -1436        0.1170 0 0 0  1169.324  5.070  432
Element: 1081 0.2 2.5 0.0 0.00050 1716M0 -1000 300 -1422        0.1170 0 0 0  1173.708  5.091  433
Element: 1082 0.2 2.5 0.0 0.00050 1701M0 -1000 300 -1429        0.1170 0 0 0  1178.090  5.113  434
Element: 1083 0.2 2.5 0.0 0.00050 1717M0 -1000 300 -1423        0.1170 0 0 0  1182.472  5.132  435
Element: 1084 0.2 2.5 0.0 0.00050 1702M0 -1000 300 -1422        0.1170 0 0 0  1186.919  5.020  436
Element: 1085 0.2 2.5 0.0 0.00050 1718M0 -1000 300 -1423        0.1170 0 0 0  1191.231  4.906  437
Element: 1086 0.2 2.5 0.0 0.00050 1703M0 -1000 300 -1428        0.1170 0 0 0  1195.609  4.927  438
Element: 1087 0.2 2.5 0.0 0.00050 1719M0 -1000 300 -1418        0.1170 0 0 0  1199.983  4.947  439
##
## G 288 - 320  Section ST
##
Element: 1088 0.2 2.5 0.0 0.00050 1720M0 -1000 300 -1418 0.1170 0 0 0  1204.358  4.968  440
Element: 1089 0.2 2.5 0.0 0.00050 1736M0 -1000 300 -1427 0.1170 0 0 0  1208.729  4.987  441
Element: 1090 0.2 2.5 0.0 0.00050 1721M0 -1000 300 -1425 0.1170 0 0 0  1213.099  5.007  442
Element: 1091 0.2 2.5 0.0 0.00050 1737M0 -1000 300 -1435 0.1170 0 0 0  1217.469  5.028  443
Element: 1092 0.2 2.5 0.0 0.00050 1722M0 -1000 300 -1430 0.1170 0 0 0  1221.835  5.047  444
Element: 1093 0.2 2.5 0.0 0.00050 1738M0 -1000 300 -1432 0.1170 0 0 0  1226.200  5.068  445
Element: 1094 0.2 2.5 0.0 0.00050 1723M0 -1000 300 -1432 0.1170 0 0 0  1230.564  5.088  446
Element: 1095 0.2 2.5 0.0 0.00050 1739M0 -1000 300 -1431 0.1170 0 0 0  1234.924  5.108  447
Element: 1096 0.2 2.5 0.0 0.00050 1724M0 -1000 300 -1426 0.1170 0 0 0  1239.340  5.013  448
Element: 1097 0.2 2.5 0.0 0.00050 1740M0 -1000 300 -1433 0.1170 0 0 0  1243.640  4.919  449
Element: 1098 0.2 2.5 0.0 0.00050 1725M0 -1000 300 -1423 0.1170 0 0 0  1247.995  4.938  450
Element: 1099 0.2 2.5 0.0 0.00050 1741M0 -1000 300 -1429 0.1170 0 0 0  1252.349  4.957  451
Element: 1100 0.2 2.5 0.0 0.00050 1726M0 -1000 300 -1422 0.1170 0 0 0  1256.700  4.976  452
Element: 1101 0.2 2.5 0.0 0.00050 1742M0 -1000 300 -1425 0.1170 0 0 0  1261.048  4.997  453
Element: 1102 0.2 2.5 0.0 0.00050 1727M0 -1000 300 -1418 0.1170 0 0 0  1265.394  5.016  454
Element: 1103 0.2 2.5 0.0 0.00050 1743M0 -1000 300 -1423 0.1170 0 0 0  1269.738  5.035  455
Element: 1104 0.2 2.5 0.0 0.00050 1728M0 -1000 300 -1422 0.1170 0 0 0  1274.080  5.052  456
Element: 1105 0.2 2.5 0.0 0.00050 1744M0 -1000 300 -1416 0.1170 0 0 0  1278.420  5.073  457
Element: 1106 0.2 2.5 0.0 0.00050 1729M0 -1000 300 -1426 0.1170 0 0 0  1282.757  5.090  458
Element: 1107 0.2 2.5 0.0 0.00050 1745M0 -1000 300 -1541 0.1170 0 0 0  1287.091  5.111  459
Element: 1108 0.2 2.5 0.0 0.00050 1730M0 -1000 300 -1431 0.1170 0 0 0  1291.482  5.013  460
Element: 1109 0.2 2.5 0.0 0.00050 1746M0 -1000 300 -1425 0.1170 0 0 0  1295.754  4.916  461
Element: 1110 0.2 2.5 0.0 0.00050 1731M0 -1000 300 -1429 0.1170 0 0 0  1300.081  4.935  462
Element: 1111 0.2 2.5 0.0 0.00050 1747M0 -1000 300 -1425 0.1170 0 0 0  1304.405  4.954  463
Element: 1112 0.2 2.5 0.0 0.00050 1732M0 -1000 300 -1431 0.1170 0 0 0  1308.727  4.971  464
Element: 1113 0.2 2.5 0.0 0.00050 1748M0 -1000 300 -1417 0.1170 0 0 0  1313.047  4.990  465
Element: 1114 0.2 2.5 0.0 0.00050 1733M0 -1000 300 -1421 0.1170 0 0 0  1317.364  5.007  466
Element: 1115 0.2 2.5 0.0 0.00050 1749M0 -1000 300 -1419 0.1170 0 0 0  1321.679  5.028  467
Element: 1116 0.2 2.5 0.0 0.00050 1734M0 -1000 300 -1416 0.1170 0 0 0  1325.989  5.046  468
Element: 1117 0.2 2.5 0.0 0.00050 1750M0 -1000 300 -1419 0.1170 0 0 0  1330.298  5.062  469
Element: 1118 0.2 2.5 0.0 0.00050 1735M0 -1000 300 -1421 0.1170 0 0 0  1334.604  5.083  470
Element: 1119 0.2 2.5 0.0 0.00050 1751M0 -1000 300 -1412 0.1170 0 0 0  1338.907  5.099  471
##
## G 320 - 352  Section UV
##
Element: 1120 0.2 2.5 0.0 0.00050 1752M0 -1000 300 -1417 0.1170 0 0 0  1343.208  5.118  472
Element: 1121 0.2 2.5 0.0 0.00050 1768M0 -1000 300 -1430 0.1170 0 0 0  1347.564  5.018  473
Element: 1122 0.2 2.5 0.0 0.00050 1753M0 -1000 300 -1422 0.1170 0 0 0  1351.798  4.916  474
Element: 1123 0.2 2.5 0.0 0.00050 1769M0 -1000 300 -1426 0.1170 0 0 0  1356.090  4.934  475
Element: 1124 0.2 2.5 0.0 0.00050 1754M0 -1000 300 -1429 0.1170 0 0 0  1360.378  4.952  476
Element: 1125 0.2 2.5 0.0 0.00050 1770M0 -1000 300 -1427 0.1170 0 0 0  1364.663  4.968  477
Element: 1126 0.2 2.5 0.0 0.00050 1755M0 -1000 300 -1427 0.1170 0 0 0  1368.946  4.987  478
Element: 1127 0.2 2.5 0.0 0.00050 1771M0 -1000 300 -1428 0.1170 0 0 0  1373.225  5.005  479
Element: 1128 0.2 2.5 0.0 0.00050 1756M0 -1000 300 -1427 0.1170 0 0 0  1377.501  5.021  480
Element: 1129 0.2 2.5 0.0 0.00050 1772M0 -1000 300 -1426 0.1170 0 0 0  1381.774  5.039  481
Element: 1130 0.2 2.5 0.0 0.00050 1757M0 -1000 300 -1419 0.1170 0 0 0  1386.045  5.057  482
Element: 1131 0.2 2.5 0.0 0.00050 1773M0 -1000 300 -1427 0.1170 0 0 0  1390.311  5.074  483
Element: 1132 0.2 2.5 0.0 0.00050 1758M0 -1000 300 -1419 0.1170 0 0 0  1394.574  5.090  484
Element: 1133 0.2 2.5 0.0 0.00050 1774M0 -1000 300 -1425 0.1170 0 0 0  1398.835  5.108  485
Element: 1134 0.2 2.5 0.0 0.00050 1759M0 -1000 300 -1421 0.1170 0 0 0  1403.152  5.004  486
Element: 1135 0.2 2.5 0.0 0.00050 1775M0 -1000 300 -1426 0.1170 0 0 0  1407.345  4.899  487
Element: 1136 0.2 2.5 0.0 0.00050 1760M0 -1000 300 -1423 0.1170 0 0 0  1411.595  4.917  488
Element: 1137 0.2 2.5 0.0 0.00050 1776M0 -1000 300 -1415 0.1170 0 0 0  1415.842  4.933  489
Element: 1138 0.2 2.5 0.0 0.00050 1761M0 -1000 300 -1400 0.1170 0 0 0  1420.086  4.951  490
Element: 1139 0.2 2.5 0.0 0.00050 1777M0 -1000 300 -1400 0.1170 0 0 0  1424.326  4.968  491
Element: 1140 0.2 2.5 0.0 0.00050 1762M0 -1000 300 -1426 0.1170 0 0 0  1428.562  4.984  492
Element: 1141 0.2 2.5 0.0 0.00050 1778M0 -1000 300 -1423 0.1170 0 0 0  1432.795  4.999  493
Element: 1142 0.2 2.5 0.0 0.00050 1763M0 -1000 300 -1421 0.1170 0 0 0  1437.025  5.016  494
Element: 1143 0.2 2.5 0.0 0.00050 1779M0 -1000 300 -1430 0.1170 0 0 0  1441.251  5.033  495
Element: 1144 0.2 2.5 0.0 0.00050 1764M0 -1000 300 -1428 0.1170 0 0 0  1445.474  5.050  496
Element: 1145 0.2 2.5 0.0 0.00050 1780M0 -1000 300 -1415 0.1170 0 0 0  1449.692  5.065  497
Element: 1146 0.2 2.5 0.0 0.00050 1765M0 -1000 300 -1423 0.1170 0 0 0  1453.908  5.083  498
Element: 1147 0.2 2.5 0.0 0.00050 1781M0 -1000 300 -1420 0.1170 0 0 0  1458.182  4.974  499
Element: 1148 0.2 2.5 0.0 0.00050 1766M0 -1000 300 -1411 0.1170 0 0 0  1462.329  4.868  500
Element: 1149 0.2 2.5 0.0 0.00050 1782M0 -1000 300 -1416 0.1170 0 0 0  1466.534  4.883  501
Element: 1150 0.2 2.5 0.0 0.00050 1767M0 -1000 300 -1422 0.1170 0 0 0  1470.735  4.901  502
Element: 1151 0.2 2.5 0.0 0.00050 1783M0 -1000 300 -1415 0.1170 0 0 0  1474.932  4.915  503
Initialise: 
#Display: 1D Nhits       32 0 32
#Display: 1D NhitsPrompt 32 0 32
#Display: 1D NhitsRand   32 0 32
#Display: 1D Hits        352 0 352
#Display: 1D HitsPrompt  352 0 352
#Display: 1D HitsRand    352 0 352
#Display: 1D EnergyOR    200 0 2.5
#Display: 1D TimeOR     2000 -1000 1000
#Display: 1D Energy 100 0 2.5   0 352
#Display: 1D Time  2000 -1000 1000  0 352
#Display: 1D Eelect   500 0 1445.0
#Display: 1D ScalerCurr 352 0 352
Display: 1D ScalerAcc  352 0 352
#Display: 1D Doubles  	352 0 352
#Display: 1D NDoubles  	32 0 32
#Display: 2D EnergyOR 100 0 2.5 -1 Hits 352 0 352 -1
#Display: 2D EnergyOR 100 0 2.5 -1 Doubles 352 0 352 -1
#Display: 2D TimeOR   200 50 167 -1 Hits 352 0 352 -1
#Display: 2D DiffTimeOR  100 -11.7 11.7 -1 Doubles 352 0 352 -1
#Display: 1D DiffTime  100 -11.7 11.7  0 352
#Display: 1D DiffTimeOR  100 -11.7 11.7
