0.88080883
0.88977658
1.03254334
0.94129551
1.07454837
1.09606369
1.01783443
1.18627843
1.07759352
0.90115371
0.82066396
1.01664786
1.03919319
0.85457360
1.05906519
0.97343748
0.94790735
1.17263491
0.98949287
1.15104856
0.89616036
1.14821927
0.91752086
1.12702356
0.97304748
0.99635995
0.13289670
1.12671146
1.07151609
0.13289670
0.13289670
0.13289670
0.13289670
0.13289670
0.13289670
0.13289670
0.13289670
0.13289670
0.13289670
0.98434269
0.13289670
1.25821238
1.08997619
0.95823632
0.93421156
0.99623248
0.93047683
0.80955460
0.98150803
0.88014810
0.96285980
1.23808747
0.98396934
1.04148841
1.09876740
0.92412648
0.94651531
1.01044730
0.94388489
0.77748547
0.94124287
1.01427726
1.04104360
0.58340929
0.87880816
0.85759222
0.94718062
0.93177245
1.04040071
0.99248627
1.04786635
1.08398216
0.96502433
1.09184338
0.96667603
0.86685267
1.06438470
0.97373979
1.07480389
0.74777678
1.02808723
0.98209132
1.04555441
1.17688457
0.97151789
1.04782533
1.08549681
1.10705184
0.99840647
1.04690260
0.84248941
0.97737732
0.95969816
0.88600168
1.03209817
0.91538628
0.91375457
1.02303267
1.04204186
0.83498533
1.18462419
0.99370711
1.03775650
1.12534051
0.98220869
1.10285216
1.12134536
1.04623966
1.02582526
0.95034045
0.81005314
0.97866644
0.82129887
0.99127037
1.05879606
0.98147881
0.91744023
0.84328114
1.09914744
1.05872468
0.88091153
0.98561748
1.01539701
1.02556818
1.19906738
1.15480111
1.08969279
0.97701255
1.00784251
1.12734420
0.87891584
0.88452481
0.99184353
0.98854957
0.89269122
0.87358089
0.75484334
1.01705049
0.97448413
1.13212934
0.93655326
0.95218733
0.94890408
0.87170385
0.97272150
1.05948712
1.01356671
1.30927334
1.21494269
1.14432477
1.12313423
1.03295543
0.89537286
1.02466213
1.01070457
0.92416824
1.09308293
1.10111432
0.85954937
1.05349083
0.91902004
1.03561777
0.91386718
0.92445118
0.87507711
0.87004899
1.05207043
0.84816076
0.37461388
1.09647493
1.07564749
0.92997517
0.99022373
0.90539355
1.12676886
0.97135198
1.03805869
0.98367646
1.02659608
0.95312325
0.67628533
0.94673873
0.86879732
1.09089182
0.89244423
1.02887711
1.07595876
1.07511691
1.04213511
0.83746375
1.11442142
1.01867192
0.88856965
1.04772144
1.05302714
0.98972066
1.26151780
1.05768960
1.02524148
0.87316664
0.92939121
0.85799438
0.92663897
1.03862773
0.98002732
0.84786003
1.53461473
0.93878871
1.02854931
0.86775904
1.03949313
1.08916689
0.99380177
0.98499650
1.02041911
0.87587561
0.89192409
1.05035355
1.05511117
0.91635330
1.13923931
0.90495051
0.82847933
0.75937706
0.93602922
0.98982118
1.08724994
1.13470291
1.04927723
0.91566482
0.95685860
0.96064099
1.00033893
0.71598541
1.11288546
1.09591225
0.95491350
1.04409857
1.00326446
0.96193843
1.04643985
1.19015112
1.04173550
0.86731628
1.06071805
1.06890733
1.04778861
0.87685591
1.00259350
1.01624116
1.11284368
0.92945940
1.06261991
1.44053740
0.97442734
0.94527489
1.21777662
0.93048791
0.91057063
0.95092095
0.89467995
1.02710278
1.03642194
0.97246397
1.09921274
2.40387924
0.94421460
0.94766790
1.00796091
0.86365397
1.03035005
0.99764226
0.96857226
0.89142035
1.00536149
0.97327357
0.89937838
0.90718676
0.82873936
0.95759574
1.01400310
1.06294719
0.90758486
0.86894933
0.88122220
1.08109143
0.94057798
0.75649544
1.06481181
1.07583988
1.11071596
1.06830899
1.12660982
0.88967079
0.88525975
0.88056413
1.10262245
1.01800087
1.14650516
1.10056477
0.86258076
0.96907735
0.91899307
1.02150217
1.02358971
0.90119492
0.97530163
0.98903151
1.16977187
0.91590614
0.96633054
0.13289670
1.03365429
1.11182632
1.01513864
0.13289670
0.13289670
0.98872579
0.13289670
0.13289670
1.00260091
1.05869314
0.89554087
1.58939934
1.09182317
1.03395727
1.01860726
0.83057482
1.22277547
0.90580640
0.94312286
0.88664532
1.10526953
1.21085915
0.88393365
0.89813051
0.92362560
0.97423240
1.01717295
1.05077362
1.10656736
1.14812466
1.07135594
1.08932124
0.88668036
1.04305477
1.02863317
1.14745704
1.05161366
1.09525646
1.00491049
1.02199112
1.10100995
0.13289670
0.13289670
0.13289670
0.13289670
0.13289670
0.13289670
0.13289670
0.13289670
0.13289670
0.13289670
0.13289670
0.13289670
0.13289670
0.13289670
1.09484106
1.09129281
1.02198369
0.90246342
0.95774358
0.87679737
1.02760881
1.03914363
1.11247038
0.96032285
0.92118603
0.90249869
0.98221701
0.95896039
0.99466178
1.09816319
0.83607199
1.16257728
1.20288920
1.04904240
0.92965466
1.03350863
0.95701881
0.95724319
1.05678891
0.83711706
1.09419447
1.01753320
1.13063639
1.14759117
1.13071829
1.07189234
1.18984035
0.13289670
0.13289670
0.13289670
0.92687112
0.90164283
0.13289670
1.22039080
0.93966852
0.13289670
1.17745905
1.02477266
0.97164225
0.93123556
0.95087642
1.00868235
0.98397822
1.02091673
1.13454774
0.90447556
1.03753748
1.01884472
0.93868934
0.98566228
0.99084781
1.09923995
0.97753761
0.96240947
0.96841982
1.07923672
0.98024499
0.98281157
0.90288660
1.03758415
0.92124563
1.15068322
1.03145309
0.99577521
1.10246299
0.91211016
0.90462300
1.16473840
0.86825090
1.15136073
1.31533138
1.05699201
0.96098316
0.95353494
1.02537074
0.97075537
1.03659237
1.10406466
1.07813502
0.89682855
0.68531392
0.95546732
0.98532627
1.05547566
1.13994425
0.89507994
0.98429146
0.88233405
0.84786476
1.00457421
1.18136574
1.07370200
1.00331957
0.99052785
0.91969537
0.88084096
1.05082751
0.90628435
1.18307643
0.99493915
1.04767483
1.04482178
0.92867602
0.91503266
1.05695807
1.05362850
0.93011099
1.03425632
1.06626906
0.92446248
0.94825845
1.01370434
1.37337112
1.00673902
0.98909651
1.00775031
0.86254541
0.92696660
1.00911738
1.04512100
1.01153564
1.03785376
1.12870176
0.93806643
1.06121651
1.04884601
1.22704772
1.18076230
1.03984710
1.10487145
0.90345705
0.86050079
1.03937356
0.73903718
0.90721126
0.92858707
1.07304214
1.16428783
0.96109189
1.14049091
0.89311576
1.00108200
0.92063400
0.99845223
0.80712800
0.68966137
1.00094678
0.85033266
0.97842156
1.02821193
0.95847451
1.02722837
1.00551135
0.95901470
0.91699025
0.80346258
0.78562924
0.96991920
0.85304055
1.00624624
0.98796631
0.89232541
1.03914372
1.10742161
1.16093128
0.35668626
1.08713025
0.70064636
0.98987621
0.97810070
0.91729909
1.09676316
0.98394528
1.05595364
1.06920821
1.07397244
1.12935641
0.97870219
1.09875782
0.87740304
0.91167437
1.20302548
0.97588152
0.89995334
1.06182946
0.97619597
0.92870195
0.93294126
0.94085336
0.95886233
0.84896260
1.01314908
0.93006783
0.96084617
0.68758522
1.07427450
0.99856327
0.98986579
1.03205520
0.96996261
1.20279263
1.00185459
1.09360703
0.80130317
0.84730060
0.84737544
1.14031090
1.12923507
1.11354836
1.04536939
1.09335748
1.61096002
0.76054422
1.01993462
0.97753578
0.96167457
1.06964070
0.96588313
0.85182668
0.89851292
0.78592151
1.06464750
0.83049502
0.88378319
0.88770489
1.03873086
1.01957788
0.83211988
0.81946580
0.93555329
0.96375260
1.01228976
1.07686555
1.09841754
1.02900828
1.08010235
0.88378852
0.89159237
1.01892603
0.98385433
1.04462569
1.07465327
0.84966815
0.98793672
0.83418095
0.92734510
1.01710524
0.97475828
0.96919705
1.14034851
0.89832723
0.91419508
1.05694139
1.05832344
0.97399752
0.85989744
1.16791140
0.94615147
0.93699721
0.93939225
1.17472110
0.89877082
0.90457679
0.85801694
1.14777216
0.84790331
1.08934755
1.12576418
0.93932806
1.06327201
0.96664870
1.25386148
0.91088505
1.38213911
1.00740217
1.00345058
1.20984059
0.96073444
1.14518739
0.84733879
1.02759296
1.00395532
1.08521718
0.98072045
1.01620135
1.24188306
0.94083739
0.99650736
0.98093792
0.99568761
1.04533341
0.87188100
0.92433443
1.11576330
1.06193359
1.02188872
0.80497721
1.05212623
0.85640198
0.97689414
0.96368004
0.94736676
0.95202634
0.97011479
1.22148708
1.03448951
0.13289670
1.12142445
0.13289670
0.13289670
0.13289670
0.13289670
0.13289670
0.13289670
0.13289670
0.13289670
0.13289670
1.11360158
0.13289670
0.13289670
0.92837654
1.12913448
1.03922853
1.14400699
1.19934602
0.93229356
0.86280704
0.78530164
0.88098662
0.99492416
1.02102129
0.93718299
0.94063718
1.03350651
1.09888020
0.97160047
0.98702658
0.78235319
1.07390009
1.21570403
1.04112223
0.96203067
0.90734304
1.08302165
1.07501814
0.90378780
0.96200838
