0.88388560
0.89192573
1.03682325
0.91637650
1.04132169
1.00014850
1.01838017
1.15499760
1.07001405
0.86228622
0.76126349
0.98510750
1.01695390
0.81552495
1.04226216
0.94285509
0.92195725
1.13338539
0.95621050
1.08024381
0.80286347
1.08962297
0.94249081
1.07443366
0.91853072
0.97191369
0.12969496
1.08617894
1.00143949
0.12969496
0.12969496
0.12969496
0.12969496
0.12969496
0.12969496
0.12969496
0.12969496
0.12969496
0.12969496
0.98505464
0.12969496
1.17033449
1.14120072
0.93714174
0.96945157
1.03062576
0.91021280
0.80645708
0.95890349
0.86485142
0.92729344
1.21151687
0.94754846
0.99694672
1.06331264
0.88831685
0.92127957
0.93070135
0.92454549
1.08543852
0.91279817
0.97586592
0.97117545
0.89952157
0.87844860
0.83378758
0.90076568
0.89859761
0.97473236
0.96979503
1.00141582
1.07317572
0.95075051
1.09438598
0.94618377
0.84629923
1.09847315
1.01057370
1.04489679
0.76851136
1.01364422
0.95966077
1.03264003
1.12131445
0.98763117
0.99799216
1.12903845
1.03826177
0.97585124
1.03482142
0.88080155
0.92782748
0.93194810
0.85961866
0.99513371
0.89775670
0.90107274
1.00505537
0.99650859
0.82128658
1.14559926
0.98062280
0.98859520
1.10132450
0.94737699
1.08096141
1.07175634
1.00999793
1.00945536
0.92578968
0.79101797
0.95952210
0.75254845
0.96510988
1.01478762
0.94337804
0.88831667
0.83773542
1.09279567
1.03177786
0.85062677
1.19824359
0.97527050
1.00270897
1.18142848
1.07911287
1.13900335
0.99689606
1.02788331
1.14708369
0.84677375
0.86366667
0.96405283
0.98965404
0.88287245
0.88072303
0.73106347
0.98329456
0.94338639
1.11087367
0.90696112
0.92097384
0.90587348
0.87382082
0.91994332
1.03117012
0.96948769
1.27526709
1.17919279
1.13081239
1.09222507
1.00579889
0.88251741
1.00930097
0.96343494
0.92489815
1.05512463
1.06786033
0.84319055
1.04465036
0.89807951
1.02680682
0.88828719
0.89963306
0.84093998
0.85348647
0.99136562
0.81754803
0.36608111
0.98834218
1.04371734
0.92146097
0.98787144
0.87702948
1.04719910
0.98202012
9.69070051
0.95600857
0.99856934
0.91546769
0.63833544
0.92632221
0.86678567
1.06083244
0.86773807
1.01909353
1.03389055
1.08330276
1.27250276
0.83094047
1.09722275
0.97697510
0.88682147
1.05115193
1.03040883
0.94857530
1.23239437
1.02525053
1.00766750
0.85577450
0.90655042
0.83956576
0.89736258
1.01360496
0.95085682
0.80668666
3.98916079
0.91736541
0.96153558
0.84408449
0.99216889
1.07639893
0.95792917
0.94599023
1.00964095
0.86791036
0.85619328
1.05927246
1.05325213
0.89914362
1.13542619
0.86629815
0.85443867
0.74199294
1.00473987
1.04161716
1.18315588
1.13932327
1.10033367
0.99294006
1.08418349
1.01622094
1.10019477
0.72968541
1.23501592
1.16561906
0.99288068
1.01103482
1.05182602
1.05285715
1.11020956
1.34053358
1.08113537
0.90976365
1.14522015
1.13346982
1.15173477
0.93730045
1.14145634
1.10172759
1.12174274
0.98984971
1.05984388
1.34094734
0.97694369
0.98384529
1.13088259
0.90378737
0.89461962
0.93372257
0.88369774
0.84919512
1.18148679
0.96730470
1.07654339
0.61719076
0.91236781
0.93889429
1.07121726
0.85726664
1.04372461
0.97146529
0.97870259
1.01711124
1.01761944
1.00528266
0.92097758
0.91512973
0.82926711
0.94627522
0.98805556
1.04138380
0.88087161
0.85298107
0.90412136
1.06230004
0.91755769
0.73498082
1.00675241
1.04742968
1.07689458
1.01445018
1.11280089
0.86166472
0.87612493
0.84763548
1.06767761
0.97001513
1.08554235
1.08272110
0.89550465
0.93084768
0.89736701
1.02834854
0.95525545
0.87955376
0.95470066
0.94536791
1.13548476
0.89750830
0.93241194
0.12969496
1.00301441
1.07840537
0.99524070
0.12969496
0.12969496
1.00544455
0.12969496
0.12969496
0.96047823
1.01264141
0.89301680
1.54953926
1.08301994
1.01257668
1.03715280
0.82618186
1.11571862
0.87101941
0.92314122
0.89280018
1.17908743
1.22994783
0.84822539
0.87833399
0.89751215
0.94942928
1.02061743
1.02112467
1.06018795
1.13913835
1.04505216
1.05060596
0.85547411
0.99456023
0.99929167
1.09205728
1.02525024
1.04288901
0.97480508
0.99708668
1.08712459
0.12969496
0.12969496
0.12969496
0.12969496
0.12969496
0.12969496
0.12969496
0.12969496
0.12969496
0.12969496
0.12969496
0.12969496
0.12969496
0.12969496
1.14657009
1.10454585
1.05519788
0.97679273
0.98819771
0.98174822
1.00019633
1.13322892
1.13789271
1.03790701
0.94340978
0.95766045
1.05111683
0.98204876
0.97371000
1.17235358
0.87799095
1.07934781
1.18314847
0.99891324
0.88602602
1.00869166
0.92298267
0.96485289
1.04918964
0.82601711
1.06209275
0.99442232
1.07703143
1.12474525
1.12222916
1.05934803
1.21498806
0.12969496
0.12969496
0.12969496
1.02230840
0.92547126
0.12969496
1.22601610
0.96168627
0.12969496
1.24155439
0.88048754
0.97424327
0.93096886
1.01115754
1.13827034
0.93588951
1.02099335
1.12984762
0.92016226
1.09045616
0.97846337
0.93994612
1.08190415
0.98056137
1.08784910
0.95312728
0.95137144
0.94219547
1.02947416
1.00719039
0.96931125
0.91906818
0.98380814
0.89977825
1.11890586
1.00878532
0.99504174
1.07075298
1.06383922
0.87290884
1.15624985
0.83876911
1.10737218
1.29289314
1.01909049
0.92560722
0.93839202
0.98214207
0.92985051
0.99271988
1.06013000
1.03694608
0.86431563
1.04917493
0.90552443
0.94160185
1.02658880
1.10595144
0.86743282
0.95991665
0.84521969
0.81705634
0.96486393
1.63488426
1.02708636
1.00929353
0.99191881
0.92540665
0.88134998
1.00470846
0.86979998
0.78205588
0.98271496
0.99454929
1.05639091
0.90616145
0.94928525
1.01911090
1.12129823
0.92496088
1.01419633
1.02871880
0.86679819
0.91641441
0.96763521
1.30498186
0.96064702
0.88805720
0.96774774
0.82623524
0.86627238
0.99604118
0.99563983
0.99471477
1.01375639
1.07871318
0.87791869
1.03145490
0.99435159
1.18458123
1.15797935
1.20609110
1.05084272
0.86384455
0.82474625
1.20030253
0.74937588
0.92654808
0.90388446
1.06186231
1.15020509
0.93758618
1.15304314
0.86788985
0.97576131
0.90708834
1.00885565
0.92310380
0.87070272
1.04204653
0.86103963
0.94321866
1.04917330
0.94333792
0.98784722
0.98796215
0.98377781
0.92806814
0.76665944
0.74391919
0.93928861
0.83591424
0.97201077
0.96134299
0.87281467
1.00115647
0.99558260
1.13291391
0.35238521
1.07651649
0.81727274
0.97604596
0.95899176
0.95366437
1.08303763
0.96137399
1.02148025
1.04416758
1.05997830
1.08174672
0.97806577
1.07906525
0.88346400
0.87758302
1.24149286
1.03854365
0.88191143
1.06809731
1.00108831
0.94172225
1.00203939
0.91201640
0.96636805
0.85512983
1.03465346
0.93208343
0.99792102
0.82337839
1.07600815
0.97747531
0.94887862
1.03995375
0.93787867
1.15100672
0.73470066
1.01428838
0.75676421
0.83067107
0.81073578
1.10120422
1.09395687
1.08062808
0.99596408
1.06999233
1.58550736
0.78082777
0.99728562
0.90837520
0.96091851
0.91659763
0.91673933
0.82055738
0.88628692
0.73878538
1.01422718
0.79687126
0.84931701
0.84553009
1.00169707
0.96691021
0.81011918
0.74404008
0.88670300
0.94809347
0.97817546
1.06196087
1.07893441
1.00590495
1.02721534
0.86312059
0.87272144
0.98577525
0.97241729
1.01442063
1.10635483
0.86404381
0.97926173
0.80019423
0.93314048
1.01308943
1.02713934
0.93288891
1.11549657
0.88315402
0.94110792
1.03466755
0.99028008
0.91354424
0.81003446
1.14424997
0.90294442
0.89051658
0.88060619
1.10356020
0.85533422
0.86209613
0.82474769
1.10949789
0.82144717
1.03423160
1.07629987
0.88649826
0.97398512
0.92709688
1.19899321
0.88366996
1.36024607
0.96638171
0.99806164
1.23780412
0.94301760
1.11671108
0.82933286
0.98221332
0.95163645
1.03927624
0.99020473
1.04071701
1.26228613
0.89743767
0.96791367
0.96581862
0.98475358
1.02773191
0.86850419
0.89155588
1.10482846
1.01996912
0.99332484
0.80300838
1.04310730
0.86147576
0.95665709
0.92570976
0.92275492
0.88775609
0.91956268
1.17486343
0.99578449
0.12969496
1.13004986
0.12969496
0.12969496
0.12969496
0.12969496
0.12969496
0.12969496
0.12969496
0.12969496
0.12969496
1.09180366
0.12969496
0.12969496
0.90465615
1.12056213
1.00770213
1.08675089
1.18188990
0.87179858
0.85587916
0.78120194
0.85377703
0.97442651
0.96585018
0.94645500
0.93472896
1.01638519
1.06929551
0.91887937
0.98085347
0.75536175
1.06154856
1.18061114
1.02956946
0.95273507
0.90431174
1.08213743
1.10596834
0.92578205
0.94425534
