0.88030216
0.88652487
1.05801494
0.91855244
1.04117632
1.00971719
1.01961083
1.16897939
1.06226795
0.86537937
0.76772756
0.99042594
1.02312056
0.81680326
1.04492094
0.94028299
0.92085581
1.12152664
0.97188587
1.08784567
0.84519848
1.10903328
0.92078742
1.09723837
0.92085206
0.97315728
0.13022543
1.08616117
1.01360509
0.13022543
0.13022543
0.13022543
0.13022543
0.13022543
0.13022543
0.13022543
0.13022543
0.13022543
0.13022543
0.98256757
0.13022543
1.13900568
1.16327698
0.94426267
0.98982647
1.05295091
0.91751658
0.80194585
0.94858551
0.85389341
0.93507320
1.18866026
0.94029938
1.00715343
1.06820892
0.88855795
0.92091282
0.92916371
0.91453519
1.14906987
0.92167923
0.98338727
0.95319887
0.88570300
0.87496865
0.82889212
0.91316614
0.87749424
0.99031200
0.96493581
1.00205913
1.07729136
0.94784603
1.07208335
0.98730014
0.84538756
1.10916430
0.99608122
1.05824259
0.76937613
1.00931456
0.96311962
1.06719309
1.13399836
1.00213543
1.02009626
1.13606513
1.07906806
0.96783888
1.04471274
0.89481545
0.94182300
0.93843703
0.87172023
1.00732197
0.90253676
0.90632099
1.00222708
1.00181758
0.82561539
1.11609767
0.98089437
0.98737701
1.09581320
0.94722517
1.08635845
1.04881252
1.01708657
1.02281764
0.93441596
0.79231052
0.95238159
0.75277882
0.97189674
1.03691508
0.95761537
0.89845147
0.84230096
1.09930348
1.03867100
0.86412675
1.15307352
0.97920700
1.01411435
1.15716326
26.62952573
1.13454972
0.97688375
1.06147281
1.15031481
0.86062222
0.87646046
0.96410355
0.99380862
0.88415343
0.88161439
0.73507374
0.99526831
0.95521941
1.13333229
0.91606822
0.93856178
0.90808344
0.87324943
0.92712203
1.02533777
0.96995169
1.26835629
1.16999127
1.14009118
1.08899333
0.99623696
0.87313666
1.00784739
0.95739003
0.92008861
1.04521886
1.06675709
0.84073000
1.03706285
0.89817866
1.02984045
0.88741973
0.89632140
0.82998397
0.84197790
0.99541883
0.81780059
0.35974557
0.97595030
1.05369305
0.92825438
0.99473167
0.89481142
1.04901927
0.97937759
9.68311754
0.96457918
1.01651538
0.92826457
0.64274859
0.93600700
0.87137481
1.09293610
0.87855534
1.02881559
1.02214963
1.08860665
1.12840835
0.84815083
1.07381032
0.99107564
0.88687393
1.03426967
1.02394503
0.94911186
1.22339415
1.01645191
0.99809990
0.84129926
0.89710928
0.82780961
0.86460421
1.01760421
0.91238915
0.71657860
3.86195932
0.89634916
0.96245248
0.83180897
0.99177917
1.07311058
0.96993439
0.95282733
1.01645378
0.85790508
0.85666490
1.04159342
1.06608364
0.89856730
1.11659579
0.87283624
0.84489030
0.74498104
1.01535191
1.04232144
1.18786392
1.15817487
1.11458958
1.01708881
1.09043103
1.01390237
1.12454889
0.74085909
1.22770693
1.16862003
1.00173000
1.01870573
1.06139774
1.06448847
1.10205951
1.27494546
1.07322816
0.88726832
1.14715736
1.12295116
1.13790580
0.92757206
1.08697138
1.09711462
1.12512359
0.98087361
1.05657482
1.34495494
0.96152915
0.96241223
1.13395684
0.89514469
0.89134514
0.94129379
0.88408183
0.78377232
1.17294776
0.98196830
1.07303198
10.24741269
0.90826379
0.92975091
1.08811476
0.85635722
1.05416621
0.97255333
1.01385232
0.90468758
1.01126350
1.00976018
0.93066100
0.89365191
0.83407012
0.94086947
1.01644956
1.04279520
0.88612122
0.85707090
0.90730501
1.06559238
0.92817655
0.74276975
1.00830966
1.04618000
1.07048622
1.01137966
1.10212835
0.85306137
0.87141137
0.83824394
1.06343414
0.96056453
1.08008514
1.07227507
0.99777730
0.92160012
0.88238086
0.98294210
0.95156662
0.87068101
0.94569955
0.94335733
1.12662049
0.87437275
0.89593519
0.13022543
0.99753409
1.05322628
0.97371090
0.13022543
0.13022543
0.97944822
0.13022543
0.13022543
0.95850265
1.00596368
0.88163664
1.52829248
1.08763121
1.01138089
1.04871693
0.81592408
1.15600625
0.86723025
0.92829727
0.89803315
1.19692487
1.23732861
0.84980509
0.87230133
0.89379393
0.93656103
1.00869005
1.02155694
1.06651733
1.13583882
1.03411122
1.05811806
0.85075514
0.98751942
0.99211018
1.08572945
1.02192810
1.03947302
0.96764172
0.98502079
1.06000579
0.13022543
0.13022543
0.13022543
0.13022543
0.13022543
0.13022543
0.13022543
0.13022543
0.13022543
0.13022543
0.13022543
0.13022543
0.13022543
0.13022543
1.13654144
1.11828664
1.03860989
0.98709915
0.98989187
0.97339225
1.04364788
1.14235582
1.14906777
1.04986931
0.95478772
0.95831472
1.05650029
0.99366326
1.00645821
1.16743092
0.87296742
1.07494550
1.18069749
0.99284189
0.87985172
1.00553611
0.90989410
0.94195174
1.04122046
0.82205064
1.05238577
0.98556757
1.07044353
1.12508129
1.09666150
1.03892695
1.19990803
0.13022543
0.13022543
0.13022543
1.01337154
0.91028138
0.13022543
1.21069932
0.96064402
0.13022543
1.15352967
0.87307134
0.98525575
0.93254375
1.02188877
1.13512146
0.94586641
1.02702937
1.14180795
0.92294065
1.09715468
0.96779016
0.94990850
1.10226926
0.97197425
1.08511995
0.96401768
0.95400773
0.94591091
1.02055649
0.99273840
0.97881610
0.92211038
1.00307452
0.89572724
1.11865529
1.00244998
0.98896769
1.06931330
1.07785710
0.87978455
1.14936902
0.83854462
1.10417579
1.27595822
1.01853664
0.92385828
0.93542306
0.98066116
0.93210189
0.99198455
1.05335435
1.03238086
0.86400103
1.08728503
0.89863009
0.94197001
1.02609117
1.09570034
0.86457901
0.95763769
0.84918765
0.81181778
0.96240254
1.61048422
1.01927453
0.99037716
0.97414448
0.93442707
0.87243938
1.00360737
0.87532474
0.80264606
0.99102991
1.06936817
1.05664514
0.90557418
0.96206264
1.08406495
1.12936562
0.93020354
1.00440414
1.02242813
0.87825555
0.92016952
0.96645979
1.30908110
0.96313217
0.91707855
0.96626918
0.83164573
0.85974217
0.98968692
1.00374787
0.99211322
1.01699356
1.06226506
0.85554815
1.04562491
0.97486552
1.16263173
1.16242541
1.21263617
0.89623285
0.87050466
0.82434985
1.21294505
0.75144544
0.94019935
0.90938361
1.06515772
1.16796348
0.94539691
1.15871156
0.86926949
0.96196081
0.91232863
1.01104936
0.84001322
0.66225751
1.04460077
0.84122513
0.94425097
1.05629745
0.95264419
0.99448979
0.97747136
0.99118494
0.91742281
0.76755211
0.74706782
0.94157791
0.83535301
0.97204588
0.96023411
0.86925336
1.00832309
0.99899980
1.12287835
0.34778278
1.07134038
0.81717384
0.94959532
0.94821708
0.97768996
1.07102228
0.96343501
1.04076216
1.05171922
1.07149180
1.09270457
0.97683731
1.09130662
0.87554485
0.89043493
1.24916641
1.01256908
0.89063254
1.08142070
1.02036882
0.92993611
1.00459837
0.91018650
0.97761553
0.85291268
1.04653342
0.90284935
1.00438462
0.79643485
1.07737201
0.97749222
0.95990320
1.03948048
0.93231081
1.15745062
14.51123060
1.01969471
0.75119810
0.82411462
0.81328586
1.11428780
1.09241755
1.08224894
0.99737787
1.06659192
1.56697889
0.76051461
1.00443447
0.93982143
0.96294505
0.90256257
0.92456459
0.82216505
0.88664442
0.73779569
1.02518296
0.79557995
0.84960384
0.84492934
1.00494942
0.97882724
0.80132594
0.73121893
0.89550652
0.92444542
0.97425469
1.05724112
1.06697662
1.01071196
1.01974489
0.85843334
0.88094621
1.00126328
0.97476091
1.02617419
1.12330075
0.86829719
0.98563353
0.79906205
0.94315202
1.01551357
1.04410802
0.94216218
1.12270056
0.89277484
0.91099449
1.02227412
0.99922413
0.92308631
0.80938215
1.13500325
0.90189171
0.90088808
0.87998313
1.11155094
0.85427239
0.87315988
0.82383754
1.09271154
0.78317416
1.04299921
1.08151310
0.89419293
0.97023607
0.93154560
1.25963544
0.87971701
1.32815785
0.98546373
0.98227976
1.21333627
0.95108743
1.12106281
0.84453359
0.99995411
0.96313686
1.05473909
0.99736482
1.06548145
1.28764158
0.91016701
0.98272400
0.98108911
0.98711626
1.04310800
0.87140452
0.90292241
1.11278319
1.03859882
0.99517598
0.80836027
1.05039548
0.85854920
0.96235074
0.92315240
0.91993235
0.89523898
0.90132371
1.16912860
1.00439281
0.13022543
1.12095343
0.13022543
0.13022543
0.13022543
0.13022543
0.13022543
0.13022543
0.13022543
0.13022543
0.13022543
1.09372457
0.13022543
0.13022543
0.91403693
1.08379820
1.02429942
1.09985394
1.20382997
0.87664512
0.85170916
0.77147593
0.86030925
0.97685351
0.97647000
0.93504556
0.94733882
1.02170311
1.08302880
0.93104735
0.99290826
0.76425802
1.07099140
1.19682753
1.03044933
0.95152422
0.91422202
1.08994041
1.06482239
0.91989346
0.95195652
