0.92627585
0.87738365
0.88028536
0.86956997
0.89698411
0.97630600
0.96129093
0.91146787
0.96279718
0.92350148
0.96218078
0.85625111
0.99619728
0.99381250
0.95202042
0.91166042
1.00527651
0.96608466
0.72787997
1.11610041
0.93570385
1.19876294
0.92526347
1.13411314
1.05401998
1.05945496
0.89206417
0.95810868
1.20667396
0.91774786
0.91774786
0.91774786
0.91774786
0.91774786
0.91774786
0.91774786
0.91774786
0.91774786
0.91774786
1.72875183
0.89883255
1.14656848
0.94128756
0.98024681
0.90267865
0.87073910
0.89119770
0.87834913
0.92549323
0.90622589
0.95271035
0.94668009
0.96974434
0.94117880
0.96884042
0.98023911
1.21732185
0.96444786
0.90838947
5.14945367
1.00727105
0.98484410
1.01748423
0.90671590
0.92142774
0.99626175
0.90093437
0.98906157
0.93321196
0.92522857
1.19789405
0.91963599
1.02917736
0.88931631
0.94477644
0.79044017
0.84654001
0.75756917
0.84504254
0.80588016
0.98997266
0.92682608
1.03077588
0.98485790
0.93507083
0.83605526
0.92897568
0.85465049
0.81601763
3.19714111
0.83206028
0.94120740
0.94216276
0.90474389
0.89144228
0.91048388
0.91449401
0.93407731
0.92181388
0.98516196
1.03472339
0.94375047
0.94296796
1.06182534
0.92467413
0.96773476
1.00501123
0.90689853
1.06721679
0.95149700
0.99249301
0.89299335
0.96809479
0.97225610
0.93722303
0.93108108
0.84169747
0.84596575
0.96588831
0.84042419
0.80310583
2.42216715
0.96456109
0.92269095
0.98653062
1.14672875
1.15247287
0.92216309
1.01475279
0.85735758
0.86265836
0.84888931
0.91901166
0.85755452
0.92522123
0.90904392
0.88690342
0.88456222
0.91898943
0.95512389
0.93497352
1.06052957
0.90011013
0.86094015
0.99264531
0.91785779
1.04374803
0.95817121
0.88440901
0.98780240
0.86032569
0.94632579
0.86251793
0.90320511
0.90088719
0.93277824
0.88343509
0.97714232
1.04361889
1.00577297
0.91846405
0.96297718
4.74024282
0.97410350
1.10684161
1.02742283
0.95698005
0.85023132
0.90124150
1.07150705
0.98460784
0.86435411
0.98806254
1.02296550
1.05571291
0.92751222
1.00413441
0.98173425
0.89869905
0.90829390
0.75373858
0.92273550
0.97458539
0.95029572
0.87872191
0.93259432
0.95799565
0.91895551
0.83697115
1.50603515
0.99232018
0.86552548
0.91173201
0.84619470
0.88694873
0.90279155
0.87728153
0.90828565
0.91467615
1.01095219
0.86831527
0.89429971
0.89741209
0.98748407
0.92588355
0.99286531
1.07957524
0.90105454
0.97017271
1.00754259
0.97702488
0.88247101
0.93376274
0.97536747
1.05689612
0.90184906
0.98332472
0.93400115
0.95205163
0.91740497
0.90698512
0.95765433
0.88694939
0.89637007
0.93521718
0.86673430
0.86901989
0.97972362
0.89668594
0.89044664
0.93514195
0.88480018
0.83629821
0.75668767
0.81156262
0.79895346
0.88993198
0.80971492
0.93414449
0.87449254
0.88083717
0.77832568
0.93693785
0.93516647
1.03849682
0.91847847
0.90007632
1.02630647
0.84173961
0.99019432
1.32106863
0.84966183
1.01113740
0.96941085
1.09717253
0.86951783
0.92049818
0.89489376
0.90195635
0.86581047
0.93256590
0.78196029
0.91363678
0.96739651
0.94149222
0.96174548
1.00026537
0.96198394
0.91731190
0.87585594
0.88480415
0.84810059
0.90974120
0.67949060
0.80692799
0.91851644
0.85781836
0.82075845
0.93877619
0.83228471
0.87023928
0.89598935
0.85896974
0.88174520
0.88758238
1.03238116
0.73372998
0.90536993
0.93481525
0.91458746
0.96006822
0.91195250
0.87944930
0.93344653
0.91250996
1.00003195
0.90645029
0.89738142
0.90160808
0.82670502
0.83689156
0.93851694
0.86801680
0.84164294
0.95814408
0.98884877
0.90382563
0.90641870
0.91885499
0.93531280
0.87473489
0.92411448
1.00961566
1.04052359
1.09517774
0.86051982
0.86051982
1.02448131
0.90714394
0.90714394
0.82157973
1.01970069
0.97374525
0.98239860
0.88109926
0.91055712
0.94507096
0.82654460
1.04388282
0.99841120
0.99674852
0.94250582
0.89431885
0.93452141
0.92859031
0.87477588
0.94303924
0.89515907
0.94057621
0.94330208
1.02429022
1.00408415
0.88858080
0.94749374
0.78326763
1.01035617
0.96859882
0.98282114
0.88782558
1.01549186
1.02355392
1.14316488
1.06337994
0.93114778
0.93114778
0.93114778
0.93114778
0.93114778
0.93114778
0.93114778
0.93114778
0.93114778
0.93114778
0.93114778
0.93114778
0.93114778
0.93114778
0.96778350
1.06445688
0.98130023
1.00541912
0.89543976
0.94818248
0.98492637
1.18734090
1.14525694
1.03015506
1.05179277
1.12433224
1.08041156
1.16700849
1.10155626
1.09294968
1.08743969
0.96879756
0.85916657
0.93610061
0.90493855
0.96404511
0.92908587
0.93249266
0.92721411
0.92712501
0.87608069
1.07350098
1.11633288
0.93644121
1.14852231
1.07270206
0.91048464
1.01484168
1.01484168
1.01484168
1.32633219
0.91984518
0.84165724
0.94259688
0.93977047
0.87333091
0.91061218
0.95506022
0.96762844
0.92772044
0.85084656
0.78371094
1.02786739
0.90648944
0.88911455
0.92348000
0.88503218
0.91327266
0.90301716
0.74024400
0.92924773
0.94149380
0.93141580
0.92072776
0.86128632
0.93235473
0.88394647
0.92444665
0.82288156
0.96359112
0.88757583
0.96389795
0.91294839
0.87435331
0.89765073
1.04549030
0.89465293
0.96018499
0.92275434
0.90614579
0.83731430
0.97586132
0.91243738
0.91618581
0.88967022
0.91400364
0.89795720
0.95324778
0.91547330
0.95662801
5.09681344
1.01947743
0.94384773
0.37146892
0.97395858
0.90833412
0.96391481
0.93130159
0.88119998
1.10980187
1.07129906
0.98154939
0.92697480
0.91686102
0.93277398
0.92402929
0.60668997
0.89782490
1.85763786
0.95131910
1.02356547
0.94162559
0.91040110
0.91442073
0.93588480
0.93264710
0.39298432
0.92806558
0.91171753
0.92647576
0.96973336
0.91391713
0.93572610
0.96517576
0.94940668
0.89835382
0.95541155
0.94216522
0.94957424
1.09092714
0.94934021
0.90041576
1.11608458
0.92216069
0.96803676
1.05382859
1.02154984
0.96074622
0.93035745
1.41530426
0.97799646
1.04504973
1.38263481
0.85334943
0.97006191
0.96371504
0.92951432
0.95520057
0.89466963
0.91247559
0.97684728
0.94768728
0.90222169
1.00608849
0.92272012
1.14596653
1.01762526
0.83019505
0.94247449
0.95976059
0.96723341
0.93789178
0.83688619
0.86802435
1.00205375
0.95094306
0.90392851
0.91080278
0.86459152
0.93301290
0.91595442
0.96244599
0.94336172
1.04658520
0.98356077
0.89130340
0.83280880
0.92242071
1.01698018
1.07073283
0.79603246
0.98690416
1.04142207
1.03391098
5.67947871
0.87536408
0.98647751
0.88526287
0.88178751
0.95825701
0.94611926
0.92290944
0.96896771
0.87174834
19.84891608
0.91153572
0.81625070
0.99281734
0.87978032
1.01529733
0.83646897
0.98141346
0.85614818
1.03413774
1.07520841
0.97876134
0.93834683
0.93762160
0.92145300
0.71124779
1.04266360
0.83822407
0.91784955
0.88192947
0.90778710
0.92261715
0.87819012
0.94756847
0.66467356
0.55060922
0.88401846
0.92479747
0.85075615
0.93760628
0.97758635
0.92371164
1.08447130
0.92677285
0.86016852
0.88901119
0.85520931
0.98385622
0.99645678
0.96892705
0.78671797
1.12950193
1.02375369
1.11709940
0.94357695
0.44584329
0.86278635
1.00527120
0.97735797
0.94761054
0.89083513
1.03728098
0.93547770
0.92094031
0.97419852
0.90567681
0.89033410
0.85752606
0.95089509
0.90469747
0.90689707
0.89061240
0.89230513
0.91055283
0.90026453
0.86582369
0.89529861
1.06424277
0.94310557
0.90391350
1.00602507
0.89478971
0.91001439
0.95551157
0.93359103
0.90628210
0.93755857
0.83187150
0.89170474
0.94954131
1.01778127
0.78726350
1.06187704
0.78799461
0.82876507
0.97175304
0.86791055
0.95443729
0.79857004
0.84382289
0.90549440
0.96918507
0.98719114
0.84939427
0.85419943
0.94375814
0.88074653
0.85652014
0.86845006
0.86307745
0.91678326
0.35564122
0.87567481
0.93114696
1.05226233
0.95135402
0.90929653
0.85670414
0.87070754
0.88089335
0.92388309
0.93970270
0.90529303
0.91189294
0.98481693
0.90914089
0.87455766
1.05587575
0.90275841
1.00272783
0.94599528
1.20252029
0.87687517
1.01256934
0.94442591
0.94442591
0.94442591
0.94442591
0.94442591
0.94442591
0.94442591
0.94442591
0.94442591
0.95331022
0.95028908
0.95028908
1.05393521
1.09777355
0.92585004
0.95560205
0.93814823
0.90289884
0.85570562
0.86019784
0.88781290
0.79788215
1.06285406
0.95442822
0.81010474
0.83225958
0.89207148
0.86005614
0.89156293
0.89362087
0.90315396
0.94884795
0.90841379
0.90671234
0.90249039
0.83631892
0.81232198
0.85598577
0.90791419
