0.92910045
0.94449204
0.95683974
0.91054547
0.93205796
0.95179286
1.00020201
0.90911588
1.02291209
0.95601383
0.97430171
0.91051600
0.99345526
0.95242883
0.99214725
0.97350422
1.02463098
1.03534178
0.62873654
0.99270988
0.92672996
1.15105799
1.01926657
1.04595854
1.00704424
1.03377128
0.13043610
0.95259290
1.16880092
0.13043610
0.13043610
0.13043610
0.13043610
0.13043610
0.13043610
0.13043610
0.13043610
0.13043610
0.13043610
0.92347963
0.13043610
1.31478849
0.91942915
0.96969440
0.86764185
0.93525252
0.92359086
0.97796863
0.94980159
1.00912753
0.97759888
0.98206012
0.99967370
0.94698759
1.00745028
1.02498701
1.47691039
5.23347680
1.00527783
3.24109257
1.02641698
0.98461838
0.98637738
1.01697272
1.02647577
1.02097926
0.93109697
0.98657707
0.96053375
1.03349931
1.05717702
1.01613075
1.02640247
1.00282122
0.97132631
0.90575525
0.88118814
0.94978337
0.84941297
0.88478876
0.96840581
0.97478575
1.05351606
1.02383873
0.96056610
0.86347299
0.94548265
0.87716729
0.90927186
3.11043940
0.86000056
0.96507438
0.99947038
0.96736485
0.90776463
0.93849030
0.97846103
0.98813839
0.96816078
0.99166701
0.96136741
1.00992131
0.90530372
0.98822456
0.97506573
0.97207878
1.00833253
0.95293256
1.00651000
0.99773675
0.99155054
1.00961950
0.99040105
1.01380033
0.95808445
0.99524875
0.87964109
0.92777021
0.99662440
0.90627665
0.86833957
2.38616876
0.99540609
0.96956311
0.95087137
1.14961573
0.98840617
1.10810888
0.99969196
0.89479659
0.95607994
0.88230914
0.92882011
0.94574047
0.96389680
0.96443776
0.96099916
0.88626355
0.92338546
0.98191753
0.97775295
1.00945922
0.94726464
0.93747386
0.95776475
0.98252103
0.99665959
0.99906740
0.91867649
0.97666979
0.88919016
0.96033196
0.95000511
0.96154772
0.93648522
0.99571762
0.93270241
1.01440525
1.01206025
0.98947039
0.94709945
0.98115942
5.30030277
0.99640357
0.96022720
1.02022502
0.94056569
0.97053746
1.00631781
0.95236021
0.96445970
0.87916228
0.97915916
1.05492279
1.05543189
0.98092510
1.02824990
1.03257327
0.95721812
0.91273662
0.98444076
0.97517977
1.03148629
0.95885966
0.92851768
0.95022864
0.95082754
0.94688095
0.99850704
1.59306190
0.97914478
0.89605846
0.94772690
0.93726787
0.94419840
0.92266483
0.93009137
0.97567183
0.96264316
1.03043676
0.91167844
0.98111045
0.92451253
1.01939723
0.96127922
0.93147542
0.68430774
0.88670323
0.96586045
0.95066799
0.95252854
1.00904328
0.95864015
0.95545328
1.02937612
0.98551471
1.00643562
1.02579849
1.02203640
0.96131381
0.95170308
0.98374591
0.97360582
0.94171806
0.97591689
0.90303696
0.95888458
1.00399165
0.92247064
0.91930586
0.95085582
0.93870965
0.89092706
0.83275031
0.87377815
0.86793229
0.93050420
0.93238604
0.95726090
0.94675806
0.90308636
0.79537329
0.96537843
0.99861331
0.99489871
0.95606630
0.93720503
0.94402916
1.01143156
0.93074587
1.07236001
0.88918196
0.94381109
1.00557329
1.07675034
0.91697856
0.90171280
0.96750769
0.95051722
0.88022210
0.95767119
0.86077713
0.96556591
0.93392744
0.98105720
0.72017682
1.03540616
0.97831300
0.89426905
0.94813254
0.91399865
0.88745776
0.95625323
0.81190360
0.91904405
0.94386480
0.86985402
0.95025723
0.93658271
0.88767399
0.93075657
1.01165993
0.87605728
0.93070121
0.97129218
1.06723366
0.75093193
0.95101152
0.96486389
0.91105788
0.97346524
0.93892149
0.92739637
0.95850365
0.96235204
1.00372703
0.97716722
0.94985749
0.90074990
0.89391308
0.91014447
0.95337470
0.93481794
0.84694493
0.97591288
0.99687308
0.92854096
0.92160231
0.91968370
0.93626833
0.93123859
0.13043610
0.99035984
0.97874460
1.03576872
0.13043610
0.13043610
1.01709536
0.13043610
0.13043610
0.83559288
1.03492326
1.02583533
1.04057073
0.92834344
0.93093569
0.95785511
0.98031633
0.93030861
1.01653603
0.97965353
0.96551205
0.90257760
0.94247782
0.95490393
0.91721839
0.96228359
0.93982281
0.96675491
0.95759205
1.03277876
0.99990482
0.94023992
0.98997947
0.81790929
1.00154068
0.99020674
0.97856048
0.97449315
0.95862879
0.98427001
1.09081257
1.01334329
0.13043610
0.13043610
0.13043610
0.13043610
0.13043610
0.13043610
0.13043610
0.13043610
0.13043610
0.13043610
0.13043610
0.13043610
0.13043610
0.13043610
1.02120930
1.04760917
0.94064820
0.89371609
0.87818288
0.95170562
0.96227140
1.00087298
0.95951024
0.89815363
0.92197627
1.00289967
0.96270228
0.97711812
0.93908477
1.02217608
1.05387781
0.93354231
0.88581135
0.94247981
0.92437321
0.95507471
0.95654165
0.95578858
0.92608555
0.91119356
0.88261825
0.97041311
1.04910407
0.93305527
1.04222088
1.02269503
0.95401155
0.13043610
0.13043610
0.13043610
1.20490886
1.01675683
0.13043610
0.90420990
0.94727704
0.13043610
1.10227708
1.25848266
0.95443041
0.96008801
0.90058234
0.96173373
1.02594588
0.93545940
0.93219877
0.95471462
0.94630514
0.92862371
0.93746955
0.86324774
0.99503745
0.94471250
0.94366520
0.95139569
0.88216474
0.98003276
0.96850939
0.93076595
0.80754589
0.95995785
0.94716456
1.00128554
0.97535633
0.92348526
0.92367778
1.00374279
0.94902740
0.96152349
0.93148722
0.96546788
0.95177024
1.00810992
0.93549198
0.94742630
0.92780650
0.92671047
0.95615666
0.96734226
0.94649281
0.92759447
4.74331647
1.04407079
0.94231503
0.97241571
0.95395289
0.91564269
0.98334008
0.96021131
0.96033505
1.02678138
1.02787536
0.96957537
0.99444991
1.01377479
0.96329274
0.98931098
0.95274438
0.97554924
1.64583111
0.97316003
0.97911837
0.95908282
0.91609556
0.91699266
0.89442638
0.96626467
0.87139139
0.96932172
0.96907879
0.98036839
0.96049107
0.99472176
0.98207658
1.02076238
0.97210885
0.94239994
0.97525884
0.95406152
1.00718867
1.01463921
0.95706124
0.96269389
1.03673887
0.94468202
1.00685374
0.96608009
0.98427901
0.96728759
0.95041619
1.18585363
1.02998514
1.02295175
1.07640006
1.01457134
0.96558751
0.99646924
0.96549826
0.94981188
0.94403054
0.94721651
1.01315106
0.97474692
0.92044113
0.93165013
0.97421111
1.09702182
1.07197123
0.96822519
0.94398127
1.00383266
0.95826793
0.95016932
0.95499990
0.95891713
1.15194316
1.01896243
0.97198358
0.98168596
0.95654842
0.98955411
0.95171114
1.00032812
0.96387119
0.99794153
0.92369633
0.94576061
0.81394352
0.88194443
0.97774099
1.01235644
0.87921036
1.00011838
1.12922273
1.03964894
5.64443749
0.93633102
1.04732360
0.98232333
0.91519952
1.02919601
0.93604443
0.95142081
0.90439828
0.95345010
0.91140701
0.89026541
0.90769272
0.98697940
0.92517292
1.00800120
1.08325970
0.96354333
0.88889591
1.06953901
0.95908943
0.99497968
0.98418810
0.94429387
0.98794630
0.70245441
0.96736175
0.89320835
0.88268139
0.96320392
0.94983487
0.99258831
0.96129387
0.98070317
0.71846490
0.61738568
1.02191922
0.96860217
0.98729596
1.01734788
0.98284834
1.01772589
0.96982123
0.95346836
0.93908804
0.96784152
1.01501912
1.02516421
0.95655495
0.98014462
0.82926053
1.05681654
1.00127732
1.05947860
1.03192003
0.42792110
0.92947206
0.96447712
1.00315566
1.00809368
0.98896476
1.03364716
0.99124030
0.97853397
0.95990069
0.97378002
0.95014576
0.93134524
0.97602354
0.94703408
0.94974832
0.94078012
0.97046419
0.97116294
0.94497232
0.93949847
0.93229248
1.18007223
1.06536171
0.98073301
1.00622307
0.97943067
1.01924391
0.96601801
0.97089968
0.97117185
0.94527295
0.90932032
0.93826159
0.99265194
1.06422078
1.00279980
1.03612251
0.87052049
0.90486618
0.98940991
0.90338936
0.95721710
0.94914589
0.91837096
0.95517947
1.01689366
1.11919764
0.93736241
0.91851976
0.93130526
0.93880326
0.88962786
0.93717256
0.93295759
0.97785847
1.15454207
0.96187747
0.99071010
1.08638130
0.95402616
0.94039397
0.93615475
0.93113672
0.92200008
0.96580541
0.93328523
0.96019027
0.95517332
0.97932184
0.98038613
0.91181653
1.06901604
0.95003548
1.04698297
1.11843736
0.77654925
0.13043610
1.00593456
0.13043610
0.13043610
0.13043610
0.13043610
0.13043610
0.13043610
0.13043610
0.13043610
0.13043610
0.98900485
0.13043610
0.13043610
0.95958946
1.04156026
0.95465597
0.95603814
0.92848851
0.93781525
0.93082180
1.01601251
0.96962901
0.88264942
1.14737430
1.04342985
0.88652251
0.93658289
0.96904337
0.90863483
0.95490487
0.93626542
0.95788060
0.99573670
0.96771159
0.95643942
0.94677019
1.00065251
0.89040196
0.90965744
0.94142223
