#########################################################################
#                                                                       #
# Tagger configuration file for the February 07 beamtime                #
#                                                                       #
#########################################################################

##	#FP	Energy?	Time?	Pos?
Size:	352	0	1	1
Multi-hit: 8
##
##	Scalers	Calib	Overlap	Micro	#trig	Toff	Tres
Misc:	1	1	0	0	0	248.0	5.0
#Misc:   1   1   1   0   0   250.0   5.0
##
#Window:   95. 120. 69. 94.
#Window:   95. 120. 121. 146.
##
## G 0 - 32  Section AB
##
Element: 816 0.2 2.5 0.0 0.00050 1438M0  -1000 300 -642.744814 0.1170 0 0 0  106.931  1.921  164
Element: 800 0.2 2.5 0.0 0.00050 1432M0  -1000 300 -634.372416 0.1170 0 0 0  108.854  2.001  152
Element: 817 0.2 2.5 0.0 0.00050 1454M0  -1000 300 -643.575204 0.1170 0 0 0  110.858  2.082  165
Element: 801 0.2 2.5 0.0 0.00050 1448M0  -1000 300 -653.702997 0.1170 0 0 0  112.943  2.162  153
Element: 818 0.2 2.5 0.0 0.00050 1439M0  -1000 300 -643.163203 0.1170 0 0 0  115.109  2.247  166
Element: 802 0.2 2.5 0.0 0.00050 1433M0  -1000 300 -644.419173 0.1170 0 0 0  117.357  2.334  154
Element: 819 0.2 2.5 0.0 0.00050 1455M0  -1000 300 -653.314319 0.1170 0 0 0  119.697  2.423  167
Element: 803 0.2 2.5 0.0 0.00050 1449M0  -1000 300 -647.508334 0.1170 0 0 0  122.124  2.511  155
Element: 820 0.2 2.5 0.0 0.00050 1440M0  -1000 300 -647.061853 0.1170 0 0 0  124.636  2.597  168
Element: 804 0.2 2.5 0.0 0.00050 1434M0  -1000 300 -648.991884 0.1170 0 0 0  127.230  2.679  156
Element: 821 0.2 2.5 0.0 0.00050 1456M0  -1000 300 -632.289711 0.1170 0 0 0  129.904  2.759  169
Element: 805 0.2 2.5 0.0 0.00050 1450M0  -1000 300 -645.412770 0.1170 0 0 0  132.655  2.833  157
Element: 822 0.2 2.5 0.0 0.00050 1441M0  -1000 300 -648.683138 0.1170 0 0 0  135.478  2.904  170
Element: 806 0.2 2.5 0.0 0.00050 1435M0  -1000 300 -647.008143 0.1170 0 0 0  138.366  2.968  158
Element: 823 0.2 2.5 0.0 0.00050 1457M0  -1000 300 -631.849523 0.1170 0 0 0  141.315  3.027  171
Element: 807 0.2 2.5 0.0 0.00050 1451M0  -1000 300 -649.334481 0.1170 0 0 0  144.317  3.078  159
Element: 824 0.2 2.5 0.0 0.00050 1442M0  -1000 300 -652.885104 0.1170 0 0 0  147.367  3.123  172
Element: 808 0.2 2.5 0.0 0.00050 1436M0  -1000 300 -644.158212 0.1170 0 0 0  150.452  3.156  160
Element: 825 0.2 2.5 0.0 0.00050 1458M0  -1000 300 -647.312270 0.1170 0 0 0  153.568  3.182  173
Element: 809 0.2 2.5 0.0 0.00050 1452M0  -1000 300 -646.909851 0.1170 0 0 0  156.699  3.195  161
Element: 826 0.2 2.5 0.0 0.00050 1443M0  -1000 300 -653.750962 0.1170 0 0 0  159.846  3.199  174
Element: 810 0.2 2.5 0.0 0.00050 1437M0  -1000 300 -650.307336 0.1170 0 0 0  162.990  3.191  162
Element: 827 0.2 2.5 0.0 0.00050 1459M0  -1000 300 -648.069243 0.1170 0 0 0  166.123  3.171  175
Element: 811 0.2 2.5 0.0 0.00050 1453M0  -1000 300 -644.010290 0.1170 0 0 0  169.232  3.142  163
Element: 828 0.2 2.5 0.0 0.00050 1444M0  -1000 300 -653.996393 0.1170 0 0 0  172.309  3.107  176
Element: 829 0.2 2.5 0.0 0.00050 1460M0  -1000 300 -641.974405 0.1170 0 0 0  175.348  3.064  177
Element: 830 0.2 2.5 0.0 0.00050 1445M0  -1000 300 -646.789107 0.1170 0 0 0  178.340  3.014  178
Element: 831 0.2 2.5 0.0 0.00050 1461M0  -1000 300 -551.736000 0.1170 0 0 0  181.281  2.965  179
Element: 812 0.2 2.5 0.0 0.00050 1446M0  -1000 300 -606.891700 0.1170 0 0 0  184.171  2.913  180
Element: 813 0.2 2.5 0.0 0.00050 1462M0  -1000 300 -635.989555 0.1170 0 0 0  187.008  2.864  181
Element: 814 0.2 2.5 0.0 0.00050 1447M0  -1000 300 -643.419009 0.1170 0 0 0  189.800  2.821  182
Element: 815 0.2 2.5 0.0 0.00050 1463M0  -1000 300 -638.448623 0.1170 0 0 0  192.552  2.782  183
##
## G 32 - 64  Section CD
##
Element: 832 0.2 2.5 0.0 0.00050 1464M0  -1000 300 -654.850493 0.1170 0 0 0  195.249  2.791  184
Element: 833 0.2 2.5 0.0 0.00050 1480M0  -1000 300 -662.056109 0.1170 0 0 0  197.955  2.841  185
Element: 834 0.2 2.5 0.0 0.00050 1465M0  -1000 300 -655.489775 0.1170 0 0 0  200.650  2.879  186
Element: 835 0.2 2.5 0.0 0.00050 1481M0  -1000 300 -651.136508 0.1170 0 0 0  203.351  2.903  187
Element: 836 0.2 2.5 0.0 0.00050 1466M0  -1000 300 -653.797435 0.1170 0 0 0  206.070  2.915  188
Element: 837 0.2 2.5 0.0 0.00050 1482M0  -1000 300 -654.698085 0.1170 0 0 0  208.811  2.934  189
Element: 838 0.2 2.5 0.0 0.00050 1467M0  -1000 300 -650.823046 0.1170 0 0 0  211.602  2.885  190
Element: 839 0.2 2.5 0.0 0.00050 1483M0  -1000 300 -650.581175 0.1170 0 0 0  214.330  2.838  191
Element: 840 0.2 2.5 0.0 0.00050 1468M0  -1000 300 -654.141280 0.1170 0 0 0  217.103  2.862  192
Element: 841 0.2 2.5 0.0 0.00050 1484M0  -1000 300 -651.002356 0.1170 0 0 0  219.889  2.891  193
Element: 842 0.2 2.5 0.0 0.00050 1469M0  -1000 300 -647.691752 0.1170 0 0 0  222.686  2.917  194
Element: 843 0.2 2.5 0.0 0.00050 1485M0  -1000 300 -653.460134 0.1170 0 0 0  225.492  2.947  195
Element: 844 0.2 2.5 0.0 0.00050 1470M0  -1000 300 -643.970516 0.1170 0 0 0  228.310  2.973  196
Element: 845 0.2 2.5 0.0 0.00050 1486M0  -1000 300 -648.961231 0.1170 0 0 0  231.138  3.002  197
Element: 846 0.2 2.5 0.0 0.00050 1471M0  -1000 300 -640.139316 0.1170 0 0 0  233.977  3.030  198
Element: 847 0.2 2.5 0.0 0.00050 1487M0  -1000 300 -653.102958 0.1170 0 0 0  236.825  3.056  199
Element: 848 0.2 2.5 0.0 0.00050 1472M0  -1000 300 -642.664129 0.1170 0 0 0  239.723  3.010  200
Element: 849 0.2 2.5 0.0 0.00050 1488M0  -1000 300 -637.409710 0.1170 0 0 0  242.557  2.962  201
Element: 850 0.2 2.5 0.0 0.00050 1473M0  -1000 300 -646.243526 0.1170 0 0 0  245.440  2.990  202
Element: 851 0.2 2.5 0.0 0.00050 1489M0  -1000 300 -634.431195 0.1170 0 0 0  248.333  3.016  203
Element: 852 0.2 2.5 0.0 0.00050 1474M0  -1000 300 -649.487272 0.1170 0 0 0  251.237  3.045  204
Element: 853 0.2 2.5 0.0 0.00050 1490M0  -1000 300 -637.707969 0.1170 0 0 0  254.154  3.071  205
Element: 854 0.2 2.5 0.0 0.00050 1475M0  -1000 300 -645.240226 0.1170 0 0 0  257.081  3.098  206
Element: 855 0.2 2.5 0.0 0.00050 1491M0  -1000 300 -638.239057 0.1170 0 0 0  260.020  3.126  207
Element: 856 0.2 2.5 0.0 0.00050 1476M0  -1000 300 -643.490136 0.1170 0 0 0  263.001  3.092  208
Element: 857 0.2 2.5 0.0 0.00050 1492M0  -1000 300 -628.810999 0.1170 0 0 0  265.930  3.054  209
Element: 858 0.2 2.5 0.0 0.00050 1477M0  -1000 300 -638.133401 0.1170 0 0 0  268.903  3.082  210
Element: 859 0.2 2.5 0.0 0.00050 1493M0  -1000 300 -631.251078 0.1170 0 0 0  271.888  3.109  211
Element: 860 0.2 2.5 0.0 0.00050 1478M0  -1000 300 -626.253012 0.1170 0 0 0  274.883  3.137  212
Element: 861 0.2 2.5 0.0 0.00050 1494M0  -1000 300 -632.449915 0.1170 0 0 0  277.890  3.163  213
Element: 862 0.2 2.5 0.0 0.00050 1479M0  -1000 300 -636.628038 0.1170 0 0 0  280.909  3.192  214
Element: 863 0.2 2.5 0.0 0.00050 1495M0  -1000 300 -628.069764 0.1170 0 0 0  283.939  3.222  215
##
## G 64 - 96  Section EF
##
Element: 864 0.2 2.5 0.0 0.00050 1496M0  -1000 300 -641.713765 0.1170 0 0 0  286.980  3.249  216
Element: 865 0.2 2.5 0.0 0.00050 1512M0  -1000 300 -642.875546 0.1170 0 0 0  290.033  3.277  217
Element: 866 0.2 2.5 0.0 0.00050 1497M0  -1000 300 -643.918134 0.1170 0 0 0  293.097  3.305  218
Element: 867 0.2 2.5 0.0 0.00050 1513M0  -1000 300 -644.996037 0.1170 0 0 0  296.212  3.254  219
Element: 868 0.2 2.5 0.0 0.00050 1498M0  -1000 300 -643.562785 0.1170 0 0 0  299.260  3.202  220
Element: 869 0.2 2.5 0.0 0.00050 1514M0  -1000 300 -645.593729 0.1170 0 0 0  302.357  3.230  221
Element: 870 0.2 2.5 0.0 0.00050 1499M0  -1000 300 -643.320661 0.1170 0 0 0  305.468  3.257  222
Element: 871 0.2 2.5 0.0 0.00050 1515M0  -1000 300 -644.369025 0.1170 0 0 0  308.590  3.286  223
Element: 872 0.2 2.5 0.0 0.00050 1500M0  -1000 300 -642.074211 0.1170 0 0 0  311.723  3.314  224
Element: 873 0.2 2.5 0.0 0.00050 1516M0  -1000 300 -642.977576 0.1170 0 0 0  314.868  3.342  225
Element: 874 0.2 2.5 0.0 0.00050 1501M0  -1000 300 -633.938082 0.1170 0 0 0  318.023  3.370  226
Element: 875 0.2 2.5 0.0 0.00050 1517M0  -1000 300 -645.675523 0.1170 0 0 0  321.190  3.399  227
Element: 876 0.2 2.5 0.0 0.00050 1502M0  -1000 300 -633.460352 0.1170 0 0 0  324.403  3.359  228
Element: 877 0.2 2.5 0.0 0.00050 1518M0  -1000 300 -637.511708 0.1170 0 0 0  327.559  3.318  229
Element: 878 0.2 2.5 0.0 0.00050 1503M0  -1000 300 -633.658177 0.1170 0 0 0  330.760  3.346  230
Element: 879 0.2 2.5 0.0 0.00050 1519M0  -1000 300 -642.250012 0.1170 0 0 0  333.973  3.372  231
Element: 880 0.2 2.5 0.0 0.00050 1504M0  -1000 300 -635.646631 0.1170 0 0 0  337.197  3.404  232
Element: 881 0.2 2.5 0.0 0.00050 1520M0  -1000 300 -633.931776 0.1170 0 0 0  340.431  3.429  233
Element: 882 0.2 2.5 0.0 0.00050 1505M0  -1000 300 -636.400892 0.1170 0 0 0  343.678  3.458  234
Element: 883 0.2 2.5 0.0 0.00050 1521M0  -1000 300 -627.981831 0.1170 0 0 0  346.936  3.486  235
Element: 884 0.2 2.5 0.0 0.00050 1506M0  -1000 300 -639.731879 0.1170 0 0 0  350.205  3.515  236
Element: 885 0.2 2.5 0.0 0.00050 1522M0  -1000 300 -631.537421 0.1170 0 0 0  353.521  3.472  237
Element: 886 0.2 2.5 0.0 0.00050 1507M0  -1000 300 -634.917421 0.1170 0 0 0  356.775  3.427  238
Element: 887 0.2 2.5 0.0 0.00050 1523M0  -1000 300 -635.436626 0.1170 0 0 0  360.078  3.455  239
Element: 888 0.2 2.5 0.0 0.00050 1508M0  -1000 300 -642.084067 0.1170 0 0 0  363.391  3.483  240
Element: 889 0.2 2.5 0.0 0.00050 1524M0  -1000 300 -626.506098 0.1170 0 0 0  366.716  3.512  241
Element: 890 0.2 2.5 0.0 0.00050 1509M0  -1000 300 -625.628450 0.1170 0 0 0  370.050  3.539  242
Element: 891 0.2 2.5 0.0 0.00050 1525M0  -1000 300 -627.474697 0.1170 0 0 0  373.397  3.567  243
Element: 892 0.2 2.5 0.0 0.00050 1510M0  -1000 300 -617.793485 0.1170 0 0 0  376.754  3.596  244
Element: 893 0.2 2.5 0.0 0.00050 1526M0  -1000 300 -621.436948 0.1170 0 0 0  380.121  3.625  245
Element: 894 0.2 2.5 0.0 0.00050 1511M0  -1000 300 -623.913152 0.1170 0 0 0  383.533  3.589  246
Element: 895 0.2 2.5 0.0 0.00050 1527M0  -1000 300 -616.567540 0.1170 0 0 0  386.890  3.551  247
##
## G 96 - 128  Section GH
##
Element: 896 0.2 2.5 0.0 0.00050 1528M0  -1000 300 -627.492983 0.1170 0 0 0  390.289  3.579  248
Element: 897 0.2 2.5 0.0 0.00050 1544M0  -1000 300 -640.285403 0.1170 0 0 0  393.701  3.607  249
Element: 898 0.2 2.5 0.0 0.00050 1529M0  -1000 300 -634.702258 0.1170 0 0 0  397.122  3.636  250
Element: 899 0.2 2.5 0.0 0.00050 1545M0  -1000 300 -635.893809 0.1170 0 0 0  400.554  3.663  251
Element: 900 0.2 2.5 0.0 0.00050 1530M0  -1000 300 -638.987070 0.1170 0 0 0  403.997  3.692  252
Element: 901 0.2 2.5 0.0 0.00050 1546M0  -1000 300 -639.277306 0.1170 0 0 0  407.450  3.721  253
Element: 902 0.2 2.5 0.0 0.00050 1531M0  -1000 300 -626.588139 0.1170 0 0 0  410.914  3.749  254
Element: 903 0.2 2.5 0.0 0.00050 1547M0  -1000 300 -625.682649 0.1170 0 0 0  414.427  3.698  255
Element: 904 0.2 2.5 0.0 0.00050 1532M0  -1000 300 -625.612639 0.1170 0 0 0  417.871  3.646  256
Element: 905 0.2 2.5 0.0 0.00050 1548M0  -1000 300 -634.325417 0.1170 0 0 0  421.367  3.674  257
Element: 906 0.2 2.5 0.0 0.00050 1533M0  -1000 300 -627.335030 0.1170 0 0 0  424.870  3.703  258
Element: 907 0.2 2.5 0.0 0.00050 1549M0  -1000 300 -623.931274 0.1170 0 0 0  428.386  3.730  259
Element: 908 0.2 2.5 0.0 0.00050 1534M0  -1000 300 -620.976749 0.1170 0 0 0  431.911  3.759  260
Element: 909 0.2 2.5 0.0 0.00050 1550M0  -1000 300 -622.352114 0.1170 0 0 0  435.447  3.787  261
Element: 910 0.2 2.5 0.0 0.00050 1535M0  -1000 300 -616.795811 0.1170 0 0 0  438.993  3.815  262
Element: 911 0.2 2.5 0.0 0.00050 1551M0  -1000 300 -635.969898 0.1170 0 0 0  442.547  3.843  263
Element: 912 0.2 2.5 0.0 0.00050 1536M0  -1000 300 -632.984521 0.1170 0 0 0  446.113  3.871  264
Element: 913 0.2 2.5 0.0 0.00050 1552M0  -1000 300 -612.552598 0.1170 0 0 0  449.724  3.830  265
Element: 914 0.2 2.5 0.0 0.00050 1537M0  -1000 300 -632.807909 0.1170 0 0 0  453.272  3.784  266
Element: 915 0.2 2.5 0.0 0.00050 1553M0  -1000 300 -623.558215 0.1170 0 0 0  456.867  3.811  267
Element: 916 0.2 2.5 0.0 0.00050 1538M0  -1000 300 -632.142179 0.1170 0 0 0  460.472  3.840  268
Element: 917 0.2 2.5 0.0 0.00050 1554M0  -1000 300 -627.956917 0.1170 0 0 0  464.086  3.868  269
Element: 918 0.2 2.5 0.0 0.00050 1539M0  -1000 300 -618.589205 0.1170 0 0 0  467.709  3.897  270
Element: 919 0.2 2.5 0.0 0.00050 1555M0  -1000 300 -624.653664 0.1170 0 0 0  471.343  3.925  271
Element: 920 0.2 2.5 0.0 0.00050 1540M0  -1000 300 -636.815438 0.1170 0 0 0  474.985  3.954  272
Element: 921 0.2 2.5 0.0 0.00050 1556M0  -1000 300 -613.599282 0.1170 0 0 0  478.637  3.982  273
Element: 922 0.2 2.5 0.0 0.00050 1541M0  -1000 300 -623.480768 0.1170 0 0 0  482.297  4.010  274
Element: 923 0.2 2.5 0.0 0.00050 1557M0  -1000 300 -620.458600 0.1170 0 0 0  486.012  3.951  275
Element: 924 0.2 2.5 0.0 0.00050 1542M0  -1000 300 -623.702163 0.1170 0 0 0  489.648  3.889  276
Element: 925 0.2 2.5 0.0 0.00050 1558M0  -1000 300 -621.454977 0.1170 0 0 0  493.337  3.917  277
Element: 926 0.2 2.5 0.0 0.00050 1543M0  -1000 300 -625.293788 0.1170 0 0 0  497.034  3.945  278
Element: 927 0.2 2.5 0.0 0.00050 1559M0  -1000 300 -612.437990 0.1170 0 0 0  500.741  3.974  279
##
## G 128 - 160  Section IJ
##
Element: 928 0.2 2.5 0.0 0.00050 1560M0  -1000 300 -598.546385 0.1170 0 0 0  504.456  4.002  280
Element: 929 0.2 2.5 0.0 0.00050 1576M0  -1000 300 -607.911913 0.1170 0 0 0  508.181  4.030  281
Element: 930 0.2 2.5 0.0 0.00050 1561M0  -1000 300 -605.581760 0.1170 0 0 0  511.915  4.059  282
Element: 931 0.2 2.5 0.0 0.00050 1577M0  -1000 300 -607.890951 0.1170 0 0 0  515.657  4.086  283
Element: 932 0.2 2.5 0.0 0.00050 1562M0  -1000 300 -616.630638 0.1170 0 0 0  519.409  4.115  284
Element: 933 0.2 2.5 0.0 0.00050 1578M0  -1000 300 -608.129305 0.1170 0 0 0  523.214  4.050  285
Element: 934 0.2 2.5 0.0 0.00050 1563M0  -1000 300 -606.366624 0.1170 0 0 0  526.935  3.986  286
Element: 935 0.2 2.5 0.0 0.00050 1579M0  -1000 300 -611.961373 0.1170 0 0 0  530.712  4.013  287
Element: 936 0.2 2.5 0.0 0.00050 1564M0  -1000 300 -609.720865 0.1170 0 0 0  534.497  4.042  288
Element: 937 0.2 2.5 0.0 0.00050 1580M0  -1000 300 -608.585563 0.1170 0 0 0  538.290  4.067  289
Element: 938 0.2 2.5 0.0 0.00050 1565M0  -1000 300 -606.902123 0.1170 0 0 0  542.092  4.096  290
Element: 939 0.2 2.5 0.0 0.00050 1581M0  -1000 300 -609.347188 0.1170 0 0 0  545.901  4.123  291
Element: 940 0.2 2.5 0.0 0.00050 1566M0  -1000 300 -602.727523 0.1170 0 0 0  549.719  4.152  292
Element: 941 0.2 2.5 0.0 0.00050 1582M0  -1000 300 -606.563210 0.1170 0 0 0  553.545  4.180  293
Element: 942 0.2 2.5 0.0 0.00050 1567M0  -1000 300 -600.399281 0.1170 0 0 0  557.378  4.208  294
Element: 943 0.2 2.5 0.0 0.00050 1583M0  -1000 300 -608.729899 0.1170 0 0 0  561.220  4.236  295
Element: 944 0.2 2.5 0.0 0.00050 1568M0  -1000 300 -603.573651 0.1170 0 0 0  565.119  4.167  296
Element: 945 0.2 2.5 0.0 0.00050 1584M0  -1000 300 -599.945887 0.1170 0 0 0  568.927  4.097  297
Element: 946 0.2 2.5 0.0 0.00050 1569M0  -1000 300 -603.811922 0.1170 0 0 0  572.792  4.124  298
Element: 947 0.2 2.5 0.0 0.00050 1585M0  -1000 300 -595.338374 0.1170 0 0 0  576.665  4.150  299
Element: 948 0.2 2.5 0.0 0.00050 1570M0  -1000 300 -606.912793 0.1170 0 0 0  580.546  4.179  300
Element: 949 0.2 2.5 0.0 0.00050 1586M0  -1000 300 -602.295232 0.1170 0 0 0  584.433  4.205  301
Element: 950 0.2 2.5 0.0 0.00050 1571M0  -1000 300 -605.035118 0.1170 0 0 0  588.329  4.234  302
Element: 951 0.2 2.5 0.0 0.00050 1587M0  -1000 300 -601.035574 0.1170 0 0 0  592.231  4.261  303
Element: 952 0.2 2.5 0.0 0.00050 1572M0  -1000 300 -606.291481 0.1170 0 0 0  596.141  4.288  304
Element: 953 0.2 2.5 0.0 0.00050 1588M0  -1000 300 -596.256620 0.1170 0 0 0  600.057  4.316  305
Element: 954 0.2 2.5 0.0 0.00050 1573M0  -1000 300 -601.708000 0.1170 0 0 0  603.981  4.343  306
Element: 955 0.2 2.5 0.0 0.00050 1589M0  -1000 300 -610.706178 0.1170 0 0 0  607.964  4.269  307
Element: 956 0.2 2.5 0.0 0.00050 1574M0  -1000 300 -595.342139 0.1170 0 0 0  611.851  4.194  308
Element: 957 0.2 2.5 0.0 0.00050 1590M0  -1000 300 -590.926669 0.1170 0 0 0  615.796  4.222  309
Element: 958 0.2 2.5 0.0 0.00050 1575M0  -1000 300 -604.675653 0.1170 0 0 0  619.748  4.247  310
Element: 959 0.2 2.5 0.0 0.00050 1591M0  -1000 300 -603.237445 0.1170 0 0 0  623.707  4.275  311
##
## G 160 - 192  Section KL
##
Element: 960 0.2 2.5 0.0 0.00050 1592M0  -1000 300 -592.296108 0.1170 0 0 0  627.672  4.302  312
Element: 961 0.2 2.5 0.0 0.00050 1608M0  -1000 300 -613.113274 0.1170 0 0 0  631.644  4.329  313
Element: 962 0.2 2.5 0.0 0.00050 1593M0  -1000 300 -611.152527 0.1170 0 0 0  635.622  4.356  314
Element: 963 0.2 2.5 0.0 0.00050 1609M0  -1000 300 -612.177205 0.1170 0 0 0  639.606  4.384  315
Element: 964 0.2 2.5 0.0 0.00050 1594M0  -1000 300 -610.212320 0.1170 0 0 0  643.598  4.411  316
Element: 965 0.2 2.5 0.0 0.00050 1610M0  -1000 300 -607.484028 0.1170 0 0 0  647.596  4.437  317
Element: 966 0.2 2.5 0.0 0.00050 1595M0  -1000 300 -610.624061 0.1170 0 0 0  651.653  4.361  318
Element: 967 0.2 2.5 0.0 0.00050 1611M0  -1000 300 -612.849763 0.1170 0 0 0  655.609  4.278  319
Element: 968 0.2 2.5 0.0 0.00050 1596M0  -1000 300 -610.949079 0.1170 0 0 0  659.626  4.303  320
Element: 969 0.2 2.5 0.0 0.00050 1612M0  -1000 300 -607.671003 0.1170 0 0 0  663.648  4.332  321
Element: 970 0.2 2.5 0.0 0.00050 1597M0  -1000 300 -592.935915 0.1170 0 0 0  667.676  4.357  322
Element: 971 0.2 2.5 0.0 0.00050 1613M0  -1000 300 -612.595812 0.1170 0 0 0  671.710  4.384  323
Element: 972 0.2 2.5 0.0 0.00050 1598M0  -1000 300 -602.155777 0.1170 0 0 0  675.749  4.413  324
Element: 973 0.2 2.5 0.0 0.00050 1614M0  -1000 300 -598.057573 0.1170 0 0 0  679.795  4.437  325
Element: 974 0.2 2.5 0.0 0.00050 1599M0  -1000 300 -587.226541 0.1170 0 0 0  683.846  4.466  326
Element: 975 0.2 2.5 0.0 0.00050 1615M0  -1000 300 -599.614881 0.1170 0 0 0  687.902  4.490  327
Element: 976 0.2 2.5 0.0 0.00050 1600M0  -1000 300 -596.506641 0.1170 0 0 0  691.965  4.518  328
Element: 977 0.2 2.5 0.0 0.00050 1616M0  -1000 300 -589.348701 0.1170 0 0 0  696.080  4.450  329
Element: 978 0.2 2.5 0.0 0.00050 1601M0  -1000 300 -601.221829 0.1170 0 0 0  700.105  4.379  330
Element: 979 0.2 2.5 0.0 0.00050 1617M0  -1000 300 -585.082698 0.1170 0 0 0  704.183  4.406  331
Element: 980 0.2 2.5 0.0 0.00050 1602M0  -1000 300 -602.657660 0.1170 0 0 0  708.266  4.432  332
Element: 981 0.2 2.5 0.0 0.00050 1618M0  -1000 300 -598.797253 0.1170 0 0 0  712.355  4.458  333
Element: 982 0.2 2.5 0.0 0.00050 1603M0  -1000 300 -606.290538 0.1170 0 0 0  716.448  4.483  334
Element: 983 0.2 2.5 0.0 0.00050 1619M0  -1000 300 -609.482807 0.1170 0 0 0  720.546  4.511  335
Element: 984 0.2 2.5 0.0 0.00050 1604M0  -1000 300 -614.611992 0.1170 0 0 0  724.649  4.537  336
Element: 985 0.2 2.5 0.0 0.00050 1620M0  -1000 300 -587.074337 0.1170 0 0 0  728.758  4.561  337
Element: 986 0.2 2.5 0.0 0.00050 1605M0  -1000 300 -592.398857 0.1170 0 0 0  732.871  4.589  338
Element: 987 0.2 2.5 0.0 0.00050 1621M0  -1000 300 -590.905769 0.1170 0 0 0  736.989  4.614  339
Element: 988 0.2 2.5 0.0 0.00050 1606M0  -1000 300 -587.734209 0.1170 0 0 0  741.168  4.526  340
Element: 989 0.2 2.5 0.0 0.00050 1622M0  -1000 300 -584.969850 0.1170 0 0 0  745.237  4.435  341
Element: 990 0.2 2.5 0.0 0.00050 1607M0  -1000 300 -584.422223 0.1170 0 0 0  749.368  4.460  342
Element: 991 0.2 2.5 0.0 0.00050 1623M0  -1000 300 -578.373028 0.1170 0 0 0  753.504  4.487  343
##
## G 192 - 224  Section MN
##
Element: 992 0.2 2.5 0.0 0.00050 1624M0  -1000 300 -581.599875 0.1170 0 0 0  757.644  4.511  344
Element: 993 0.2 2.5 0.0 0.00050 1640M0  -1000 300 -592.686219 0.1170 0 0 0  761.788  4.537  345
Element: 994 0.2 2.5 0.0 0.00050 1625M0  -1000 300 -587.842369 0.1170 0 0 0  765.936  4.562  346
Element: 995 0.2 2.5 0.0 0.00050 1641M0  -1000 300 -594.324327 0.1170 0 0 0  770.089  4.588  347
Element: 996 0.2 2.5 0.0 0.00050 1626M0  -1000 300 -598.099775 0.1170 0 0 0  774.245  4.614  348
Element: 997 0.2 2.5 0.0 0.00050 1642M0  -1000 300 -595.121459 0.1170 0 0 0  778.405  4.639  349
Element: 998 0.2 2.5 0.0 0.00050 1627M0  -1000 300 -593.540892 0.1170 0 0 0  782.570  4.665  350
Element: 999 0.2 2.5 0.0 0.00050 1643M0  -1000 300 -593.403453 0.1170 0 0 0  786.737  4.691  351
Element: 1000 0.2 2.5 0.0 0.00050 1628M0 -1000 300 -595.024198 0.1170 0 0 0  790.961  4.612  352
Element: 1001 0.2 2.5 0.0 0.00050 1644M0 -1000 300 -597.720848 0.1170 0 0 0  795.085  4.534  353
Element: 1002 0.2 2.5 0.0 0.00050 1629M0 -1000 300 -591.569618 0.1170 0 0 0  799.264  4.559  354
Element: 1003 0.2 2.5 0.0 0.00050 1645M0 -1000 300 -595.635235 0.1170 0 0 0  803.446  4.584  355
Element: 1004 0.2 2.5 0.0 0.00050 1630M0 -1000 300 -587.401052 0.1170 0 0 0  807.632  4.608  356
Element: 1005 0.2 2.5 0.0 0.00050 1646M0 -1000 300 -605.743435 0.1170 0 0 0  811.817  4.634  357
Element: 1006 0.2 2.5 0.0 0.00050 1631M0 -1000 300 -603.573056 0.1170 0 0 0  816.009  4.658  358
Element: 1007 0.2 2.5 0.0 0.00050 1647M0 -1000 300 -609.932440 0.1170 0 0 0  820.205  4.684  359
Element: 1008 0.2 2.5 0.0 0.00050 1632M0 -1000 300 -598.606782 0.1170 0 0 0  824.402  4.708  360
Element: 1009 0.2 2.5 0.0 0.00050 1648M0 -1000 300 -580.270980 0.1170 0 0 0  828.603  4.733  361
Element: 1010 0.2 2.5 0.0 0.00050 1633M0 -1000 300 -598.774108 0.1170 0 0 0  832.806  4.759  362
Element: 1011 0.2 2.5 0.0 0.00050 1649M0 -1000 300 -597.995984 0.1170 0 0 0  837.011  4.784  363
Element: 1012 0.2 2.5 0.0 0.00050 1634M0 -1000 300 -607.524507 0.1170 0 0 0  841.283  4.684  364
Element: 1013 0.2 2.5 0.0 0.00050 1650M0 -1000 300 -598.196759 0.1170 0 0 0  845.430  4.581  365
Element: 1014 0.2 2.5 0.0 0.00050 1635M0 -1000 300 -587.864807 0.1170 0 0 0  849.643  4.606  366
Element: 1015 0.2 2.5 0.0 0.00050 1651M0 -1000 300 -583.376818 0.1170 0 0 0  853.859  4.629  367
Element: 1016 0.2 2.5 0.0 0.00050 1636M0 -1000 300 -601.959005 0.1170 0 0 0  858.076  4.655  368
Element: 1017 0.2 2.5 0.0 0.00050 1652M0 -1000 300 -582.244025 0.1170 0 0 0  862.295  4.677  369
Element: 1018 0.2 2.5 0.0 0.00050 1637M0 -1000 300 -583.603679 0.1170 0 0 0  866.517  4.702  370
Element: 1019 0.2 2.5 0.0 0.00050 1653M0 -1000 300 -582.187852 0.1170 0 0 0  870.741  4.727  371
Element: 1020 0.2 2.5 0.0 0.00050 1638M0 -1000 300 -580.074948 0.1170 0 0 0  874.966  4.752  372
Element: 1021 0.2 2.5 0.0 0.00050 1654M0 -1000 300 -580.741695 0.1170 0 0 0  879.194  4.775  373
Element: 1022 0.2 2.5 0.0 0.00050 1639M0 -1000 300 -584.517508 0.1170 0 0 0  883.424  4.799  374
Element: 1023 0.2 2.5 0.0 0.00050 1655M0 -1000 300 -577.804336 0.1170 0 0 0  887.655  4.824  375
##
## G 224 - 256  Section OP
##
Element: 1024 0.2 2.5 0.0 0.00050 1656M0 -1000 300 -568.896533 0.1170 0 0 0  891.953  4.719  376
Element: 1025 0.2 2.5 0.0 0.00050 1672M0 -1000 300 -579.102952 0.1170 0 0 0  896.121  4.611  377
Element: 1026 0.2 2.5 0.0 0.00050 1657M0 -1000 300 -576.272725 0.1170 0 0 0  900.358  4.634  378
Element: 1027 0.2 2.5 0.0 0.00050 1673M0 -1000 300 -577.869541 0.1170 0 0 0  904.595  4.659  379
Element: 1028 0.2 2.5 0.0 0.00050 1658M0 -1000 300 -582.240303 0.1170 0 0 0  908.834  4.681  380
Element: 1029 0.2 2.5 0.0 0.00050 1674M0 -1000 300 -581.793300 0.1170 0 0 0  913.075  4.705  381
Element: 1030 0.2 2.5 0.0 0.00050 1659M0 -1000 300 -579.683967 0.1170 0 0 0  917.316  4.729  382
Element: 1031 0.2 2.5 0.0 0.00050 1675M0 -1000 300 -578.347519 0.1170 0 0 0  921.559  4.751  383
Element: 1032 0.2 2.5 0.0 0.00050 1660M0 -1000 300 -577.176094 0.1170 0 0 0  925.803  4.775  384
Element: 1033 0.2 2.5 0.0 0.00050 1676M0 -1000 300 -579.670492 0.1170 0 0 0  930.049  4.799  385
Element: 1034 0.2 2.5 0.0 0.00050 1661M0 -1000 300 -571.605707 0.1170 0 0 0  934.294  4.822  386
Element: 1035 0.2 2.5 0.0 0.00050 1677M0 -1000 300 -577.897054 0.1170 0 0 0  938.541  4.845  387
Element: 1036 0.2 2.5 0.0 0.00050 1662M0 -1000 300 -571.223982 0.1170 0 0 0  942.848  4.754  388
Element: 1037 0.2 2.5 0.0 0.00050 1678M0 -1000 300 -579.400518 0.1170 0 0 0  947.038  4.661  389
Element: 1038 0.2 2.5 0.0 0.00050 1663M0 -1000 300 -570.789626 0.1170 0 0 0  951.289  4.683  390
Element: 1039 0.2 2.5 0.0 0.00050 1679M0 -1000 300 -575.092156 0.1170 0 0 0  955.539  4.707  391
Element: 1040 0.2 2.5 0.0 0.00050 1664M0 -1000 300 -577.950936 0.1170 0 0 0  959.790  4.730  392
Element: 1041 0.2 2.5 0.0 0.00050 1680M0 -1000 300 -572.190035 0.1170 0 0 0  964.041  4.751  393
Element: 1042 0.2 2.5 0.0 0.00050 1665M0 -1000 300 -575.276460 0.1170 0 0 0  968.294  4.774  394
Element: 1043 0.2 2.5 0.0 0.00050 1681M0 -1000 300 -567.214809 0.1170 0 0 0  972.547  4.797  395
Element: 1044 0.2 2.5 0.0 0.00050 1666M0 -1000 300 -580.352215 0.1170 0 0 0  976.800  4.820  396
Element: 1045 0.2 2.5 0.0 0.00050 1682M0 -1000 300 -571.218347 0.1170 0 0 0  981.054  4.842  397
Element: 1046 0.2 2.5 0.0 0.00050 1667M0 -1000 300 -574.566613 0.1170 0 0 0  985.307  4.863  398
Element: 1047 0.2 2.5 0.0 0.00050 1683M0 -1000 300 -573.395195 0.1170 0 0 0  989.562  4.888  399
Element: 1048 0.2 2.5 0.0 0.00050 1668M0 -1000 300 -577.810645 0.1170 0 0 0  993.876  4.791  400
Element: 1049 0.2 2.5 0.0 0.00050 1684M0 -1000 300 -564.842243 0.1170 0 0 0  998.071  4.694  401
Element: 1050 0.2 2.5 0.0 0.00050 1669M0 -1000 300 -573.332333 0.1170 0 0 0 1002.325  4.716  402
Element: 1051 0.2 2.5 0.0 0.00050 1685M0 -1000 300 -568.271966 0.1170 0 0 0 1006.580  4.737  403
Element: 1052 0.2 2.5 0.0 0.00050 1670M0 -1000 300 -570.431733 0.1170 0 0 0 1010.835  4.760  404
Element: 1053 0.2 2.5 0.0 0.00050 1686M0 -1000 300 -562.408471 0.1170 0 0 0 1015.089  4.781  405
Element: 1054 0.2 2.5 0.0 0.00050 1671M0 -1000 300 -567.482854 0.1170 0 0 0 1019.344  4.805  406
Element: 1055 0.2 2.5 0.0 0.00050 1687M0 -1000 300 -562.810446 0.1170 0 0 0 1023.598  4.825  407
##
## G 256 - 288  Section QR
##
Element: 1056 0.2 2.5 0.0 0.00050 1688M0 -1000 300 -562.476116 0.1170 0 0 0  1027.852  4.848  408
Element: 1057 0.2 2.5 0.0 0.00050 1704M0 -1000 300 -579.688796 0.1170 0 0 0  1032.106  4.870  409
Element: 1058 0.2 2.5 0.0 0.00050 1689M0 -1000 300 -574.316523 0.1170 0 0 0  1036.359  4.890  410
Element: 1059 0.2 2.5 0.0 0.00050 1705M0 -1000 300 -559.963982 0.1170 0 0 0  1040.612  4.913  411
Element: 1060 0.2 2.5 0.0 0.00050 1690M0 -1000 300 -574.057865 0.1170 0 0 0  1044.925  4.811  412
Element: 1061 0.2 2.5 0.0 0.00050 1706M0 -1000 300 -563.204810 0.1170 0 0 0  1049.116  4.711  413
Element: 1062 0.2 2.5 0.0 0.00050 1691M0 -1000 300 -565.678458 0.1170 0 0 0  1053.367  4.733  414
Element: 1063 0.2 2.5 0.0 0.00050 1707M0 -1000 300 -563.721749 0.1170 0 0 0  1057.618  4.753  415
Element: 1064 0.2 2.5 0.0 0.00050 1692M0 -1000 300 -570.728086 0.1170 0 0 0  1061.868  4.773  416
Element: 1065 0.2 2.5 0.0 0.00050 1708M0 -1000 300 -562.702419 0.1170 0 0 0  1066.118  4.796  417
Element: 1066 0.2 2.5 0.0 0.00050 1693M0 -1000 300 -566.253764 0.1170 0 0 0  1070.366  4.815  418
Element: 1067 0.2 2.5 0.0 0.00050 1709M0 -1000 300 -578.367890 0.1170 0 0 0  1074.614  4.836  419
Element: 1068 0.2 2.5 0.0 0.00050 1694M0 -1000 300 -570.630817 0.1170 0 0 0  1078.861  4.859  420
Element: 1069 0.2 2.5 0.0 0.00050 1710M0 -1000 300 -579.422232 0.1170 0 0 0  1083.106  4.879  421
Element: 1070 0.2 2.5 0.0 0.00050 1695M0 -1000 300 -565.611600 0.1170 0 0 0  1087.351  4.900  422
Element: 1071 0.2 2.5 0.0 0.00050 1711M0 -1000 300 -573.605187 0.1170 0 0 0  1091.595  4.920  423
Element: 1072 0.2 2.5 0.0 0.00050 1696M0 -1000 300 -1432       0.1170 0 0 0  1095.892  4.836  424
Element: 1073 0.2 2.5 0.0 0.00050 1712M0 -1000 300 -1430       0.1170 0 0 0  1100.081  4.753  425
Element: 1074 0.2 2.5 0.0 0.00050 1697M0 -1000 300 -1431       0.1170 0 0 0  1104.320  4.773  426
Element: 1075 0.2 2.5 0.0 0.00050 1713M0 -1000 300 -1426       0.1170 0 0 0  1108.560  4.792  427
Element: 1076 0.2 2.5 0.0 0.00050 1698M0 -1000 300 -1435       0.1170 0 0 0  1112.798  4.813  428
Element: 1077 0.2 2.5 0.0 0.00050 1714M0 -1000 300 -1430       0.1170 0 0 0  1117.034  4.834  429
Element: 1078 0.2 2.5 0.0 0.00050 1699M0 -1000 300 -1430       0.1170 0 0 0  1121.268  4.854  430
Element: 1079 0.2 2.5 0.0 0.00050 1715M0 -1000 300 -1430       0.1170 0 0 0  1125.502  4.874  431
Element: 1080 0.2 2.5 0.0 0.00050 1700M0 -1000 300 -1436       0.1170 0 0 0  1129.735  4.894  432
Element: 1081 0.2 2.5 0.0 0.00050 1716M0 -1000 300 -1422       0.1170 0 0 0  1133.966  4.915  433
Element: 1082 0.2 2.5 0.0 0.00050 1701M0 -1000 300 -1429       0.1170 0 0 0  1138.195  4.936  434
Element: 1083 0.2 2.5 0.0 0.00050 1717M0 -1000 300 -1423       0.1170 0 0 0  1142.423  4.954  435
Element: 1084 0.2 2.5 0.0 0.00050 1702M0 -1000 300 -1422       0.1170 0 0 0  1146.714  4.846  436
Element: 1085 0.2 2.5 0.0 0.00050 1718M0 -1000 300 -1423       0.1170 0 0 0  1150.873  4.736  437
Element: 1086 0.2 2.5 0.0 0.00050 1703M0 -1000 300 -1428       0.1170 0 0 0  1155.097  4.756  438
Element: 1087 0.2 2.5 0.0 0.00050 1719M0 -1000 300 -1418       0.1170 0 0 0  1159.317  4.776  439
##
## G 288 - 320  Section ST
##
Element: 1088 0.2 2.5 0.0 0.00050 1720M0 -1000 300 -1418 0.1170 0 0 0  1163.536  4.795  440
Element: 1089 0.2 2.5 0.0 0.00050 1736M0 -1000 300 -1427 0.1170 0 0 0  1167.753  4.814  441
Element: 1090 0.2 2.5 0.0 0.00050 1721M0 -1000 300 -1425 0.1170 0 0 0  1171.969  4.833  442
Element: 1091 0.2 2.5 0.0 0.00050 1737M0 -1000 300 -1435 0.1170 0 0 0  1176.182  4.853  443
Element: 1092 0.2 2.5 0.0 0.00050 1722M0 -1000 300 -1430 0.1170 0 0 0  1180.393  4.872  444
Element: 1093 0.2 2.5 0.0 0.00050 1738M0 -1000 300 -1432 0.1170 0 0 0  1184.603  4.892  445
Element: 1094 0.2 2.5 0.0 0.00050 1723M0 -1000 300 -1432 0.1170 0 0 0  1188.811  4.911  446
Element: 1095 0.2 2.5 0.0 0.00050 1739M0 -1000 300 -1431 0.1170 0 0 0  1193.015  4.931  447
Element: 1096 0.2 2.5 0.0 0.00050 1724M0 -1000 300 -1426 0.1170 0 0 0  1197.273  4.839  448
Element: 1097 0.2 2.5 0.0 0.00050 1740M0 -1000 300 -1433 0.1170 0 0 0  1201.419  4.748  449
Element: 1098 0.2 2.5 0.0 0.00050 1725M0 -1000 300 -1423 0.1170 0 0 0  1205.618  4.768  450
Element: 1099 0.2 2.5 0.0 0.00050 1741M0 -1000 300 -1429 0.1170 0 0 0  1209.815  4.785  451
Element: 1100 0.2 2.5 0.0 0.00050 1726M0 -1000 300 -1422 0.1170 0 0 0  1214.009  4.804  452
Element: 1101 0.2 2.5 0.0 0.00050 1742M0 -1000 300 -1425 0.1170 0 0 0  1218.200  4.824  453
Element: 1102 0.2 2.5 0.0 0.00050 1727M0 -1000 300 -1418 0.1170 0 0 0  1222.390  4.842  454
Element: 1103 0.2 2.5 0.0 0.00050 1743M0 -1000 300 -1423 0.1170 0 0 0  1226.576  4.861  455
Element: 1104 0.2 2.5 0.0 0.00050 1728M0 -1000 300 -1422 0.1170 0 0 0  1230.761  4.877  456
Element: 1105 0.2 2.5 0.0 0.00050 1744M0 -1000 300 -1416 0.1170 0 0 0  1234.943  4.897  457
Element: 1106 0.2 2.5 0.0 0.00050 1729M0 -1000 300 -1426 0.1170 0 0 0  1239.123  4.914  458
Element: 1107 0.2 2.5 0.0 0.00050 1745M0 -1000 300 -1541 0.1170 0 0 0  1243.300  4.934  459
Element: 1108 0.2 2.5 0.0 0.00050 1730M0 -1000 300 -1431 0.1170 0 0 0  1247.530  4.839  460
Element: 1109 0.2 2.5 0.0 0.00050 1746M0 -1000 300 -1425 0.1170 0 0 0  1251.646  4.745  461
Element: 1110 0.2 2.5 0.0 0.00050 1731M0 -1000 300 -1429 0.1170 0 0 0  1255.815  4.764  462
Element: 1111 0.2 2.5 0.0 0.00050 1747M0 -1000 300 -1425 0.1170 0 0 0  1259.981  4.782  463
Element: 1112 0.2 2.5 0.0 0.00050 1732M0 -1000 300 -1431 0.1170 0 0 0  1264.144  4.799  464
Element: 1113 0.2 2.5 0.0 0.00050 1748M0 -1000 300 -1417 0.1170 0 0 0  1268.306  4.817  465
Element: 1114 0.2 2.5 0.0 0.00050 1733M0 -1000 300 -1421 0.1170 0 0 0  1272.464  4.834  466
Element: 1115 0.2 2.5 0.0 0.00050 1749M0 -1000 300 -1419 0.1170 0 0 0  1276.620  4.853  467
Element: 1116 0.2 2.5 0.0 0.00050 1734M0 -1000 300 -1416 0.1170 0 0 0  1280.771  4.871  468
Element: 1117 0.2 2.5 0.0 0.00050 1750M0 -1000 300 -1419 0.1170 0 0 0  1284.921  4.886  469
Element: 1118 0.2 2.5 0.0 0.00050 1735M0 -1000 300 -1421 0.1170 0 0 0  1289.068  4.906  470
Element: 1119 0.2 2.5 0.0 0.00050 1751M0 -1000 300 -1412 0.1170 0 0 0  1293.211  4.922  471
##
## G 320 - 352  Section UV
##
Element: 1120 0.2 2.5 0.0 0.00050 1752M0 -1000 300 -1417 0.1170 0 0 0  1297.352  4.940  472
Element: 1121 0.2 2.5 0.0 0.00050 1768M0 -1000 300 -1430 0.1170 0 0 0  1301.547  4.844  473
Element: 1122 0.2 2.5 0.0 0.00050 1753M0 -1000 300 -1422 0.1170 0 0 0  1305.623  4.746  474
Element: 1123 0.2 2.5 0.0 0.00050 1769M0 -1000 300 -1426 0.1170 0 0 0  1309.755  4.763  475
Element: 1124 0.2 2.5 0.0 0.00050 1754M0 -1000 300 -1429 0.1170 0 0 0  1313.883  4.780  476
Element: 1125 0.2 2.5 0.0 0.00050 1770M0 -1000 300 -1427 0.1170 0 0 0  1318.008  4.796  477
Element: 1126 0.2 2.5 0.0 0.00050 1755M0 -1000 300 -1427 0.1170 0 0 0  1322.131  4.814  478
Element: 1127 0.2 2.5 0.0 0.00050 1771M0 -1000 300 -1428 0.1170 0 0 0  1326.249  4.831  479
Element: 1128 0.2 2.5 0.0 0.00050 1756M0 -1000 300 -1427 0.1170 0 0 0  1330.365  4.847  480
Element: 1129 0.2 2.5 0.0 0.00050 1772M0 -1000 300 -1426 0.1170 0 0 0  1334.477  4.865  481
Element: 1130 0.2 2.5 0.0 0.00050 1757M0 -1000 300 -1419 0.1170 0 0 0  1338.587  4.881  482
Element: 1131 0.2 2.5 0.0 0.00050 1773M0 -1000 300 -1427 0.1170 0 0 0  1342.692  4.898  483
Element: 1132 0.2 2.5 0.0 0.00050 1758M0 -1000 300 -1419 0.1170 0 0 0  1346.794  4.914  484
Element: 1133 0.2 2.5 0.0 0.00050 1774M0 -1000 300 -1425 0.1170 0 0 0  1350.894  4.931  485
Element: 1134 0.2 2.5 0.0 0.00050 1759M0 -1000 300 -1421 0.1170 0 0 0  1355.048  4.830  486
Element: 1135 0.2 2.5 0.0 0.00050 1775M0 -1000 300 -1426 0.1170 0 0 0  1359.082  4.729  487
Element: 1136 0.2 2.5 0.0 0.00050 1760M0 -1000 300 -1423 0.1170 0 0 0  1363.170  4.746  488
Element: 1137 0.2 2.5 0.0 0.00050 1776M0 -1000 300 -1415 0.1170 0 0 0  1367.255  4.762  489
Element: 1138 0.2 2.5 0.0 0.00050 1761M0 -1000 300 -1400 0.1170 0 0 0  1371.337  4.779  490
Element: 1139 0.2 2.5 0.0 0.00050 1777M0 -1000 300 -1400 0.1170 0 0 0  1375.415  4.795  491
Element: 1140 0.2 2.5 0.0 0.00050 1762M0 -1000 300 -1426 0.1170 0 0 0  1379.490  4.811  492
Element: 1141 0.2 2.5 0.0 0.00050 1778M0 -1000 300 -1423 0.1170 0 0 0  1383.561  4.826  493
Element: 1142 0.2 2.5 0.0 0.00050 1763M0 -1000 300 -1421 0.1170 0 0 0  1387.629  4.843  494
Element: 1143 0.2 2.5 0.0 0.00050 1779M0 -1000 300 -1430 0.1170 0 0 0  1391.692  4.859  495
Element: 1144 0.2 2.5 0.0 0.00050 1764M0 -1000 300 -1428 0.1170 0 0 0  1395.753  4.875  496
Element: 1145 0.2 2.5 0.0 0.00050 1780M0 -1000 300 -1415 0.1170 0 0 0  1399.808  4.890  497
Element: 1146 0.2 2.5 0.0 0.00050 1765M0 -1000 300 -1423 0.1170 0 0 0  1403.862  4.907  498
Element: 1147 0.2 2.5 0.0 0.00050 1781M0 -1000 300 -1420 0.1170 0 0 0  1407.971  4.802  499
Element: 1148 0.2 2.5 0.0 0.00050 1766M0 -1000 300 -1411 0.1170 0 0 0  1411.957  4.699  500
Element: 1149 0.2 2.5 0.0 0.00050 1782M0 -1000 300 -1416 0.1170 0 0 0  1415.999  4.714  501
Element: 1150 0.2 2.5 0.0 0.00050 1767M0 -1000 300 -1422 0.1170 0 0 0  1420.037  4.731  502
Element: 1151 0.2 2.5 0.0 0.00050 1783M0 -1000 300 -1415 0.1170 0 0 0  1424.071  4.744  503
Initialise: 
#Display: 1D Nhits       32 0 32
#Display: 1D NhitsPrompt 32 0 32
#Display: 1D NhitsRand   32 0 32
#Display: 1D Hits        352 0 352
#Display: 1D HitsPrompt  352 0 352
#Display: 1D HitsRand    352 0 352
#Display: 1D EnergyOR    200 0 2.5
#Display: 1D TimeOR     2000 -1000 1000
#Display: 1D Energy 100 0 2.5   0 352
#Display: 1D Time  2000 -1000 1000  0 352
#Display: 1D Eelect   500 0 1445.0
#Display: 1D ScalerCurr 352 0 352
Display: 1D ScalerAcc  352 0 352
#Display: 1D Doubles  	352 0 352
#Display: 1D NDoubles  	32 0 32
#Display: 2D EnergyOR 100 0 2.5 -1 Hits 352 0 352 -1
#Display: 2D EnergyOR 100 0 2.5 -1 Doubles 352 0 352 -1
#Display: 2D TimeOR   200 50 167 -1 Hits 352 0 352 -1
#Display: 2D DiffTimeOR  100 -11.7 11.7 -1 Doubles 352 0 352 -1
#Display: 1D DiffTime  100 -11.7 11.7  0 352
#Display: 1D DiffTimeOR  100 -11.7 11.7
