9999.000
9999.000
9999.000
4.460
3.130
2.760
3.260
3.740
2.270
5.590
2.498
3.280
2.990
3.350
3.290
2.570
2.260
2.630
2.300
3.990
2.490
2.530
3.090
3.540
2.045
6.350
2.500
5.620
3.560
3.560
3.330
3.060
2.799
3.490
4.150
2.350
3.640
4.140
2.480
2.990
5.830
8.010
4.810
5.250
4.110
8.955
3.180
4.813
3.910
4.339
2.920
5.650
2.600
4.300
3.420
13.597
5.450
4.460
5.830
7.260
5.230
6.110
4.010
11.132
9999.000
9999.000
9999.000
2.270
2.430
2.100
3.534
2.400
3.930
3.540
3.700
3.650
2.600
5.100
3.400
3.780
3.970
2.430
2.480
3.890
3.970
2.540
2.540
4.230
2.910
4.530
2.360
4.090
4.550
2.710
7.530
3.560
2.900
2.370
2.580
3.690
3.690
7.300
4.500
3.220
3.810
4.050
3.200
2.880
4.330
5.749
2.830
3.160
2.490
3.400
5.250
3.790
4.420
3.250
8.170
5.306
9.356
4.457
5.910
3.390
4.610
7.680
9.077
12.264
9999.000
9999.000
9999.000
2.210
3.520
4.250
2.103
2.760
3.468
2.456
2.285
5.208
5.660
4.180
4.690
2.720
3.370
5.990
2.550
6.740
4.680
4.050
2.740
4.118
4.910
4.230
7.240
3.420
4.660
4.860
5.200
2.920
3.090
3.210
7.680
4.810
3.180
3.440
4.130
5.120
2.870
4.610
4.830
6.510
7.071
10.445
3.226
7.212
3.110
3.220
3.800
3.630
5.690
4.960
5.540
3.592
4.430
3.500
5.010
4.079
3.155
7.532
10.038
8.216
9999.000
9999.000
9999.000
2.880
2.950
2.561
2.460
3.220
2.790
3.680
3.220
3.310
3.480
2.700
3.840
3.990
2.810
4.060
2.500
3.915
2.840
5.810
3.680
4.630
2.300
2.470
2.330
4.860
3.000
6.070
2.860
4.520
3.150
2.313
5.013
3.490
6.380
2.530
3.790
9.570
4.210
4.720
5.780
3.030
5.280
6.520
2.900
2.980
2.215
6.860
4.230
2.560
3.130
2.980
7.410
9.762
4.790
3.710
3.110
6.320
4.210
2.830
5.120
9.526
9999.000
9999.000
9999.000
2.670
2.610
2.616
2.225
2.880
3.320
2.570
4.210
4.340
3.230
2.813
7.790
3.910
3.170
2.742
3.777
3.280
5.570
3.450
5.620
4.089
7.287
2.820
4.640
2.430
3.100
5.440
3.170
3.730
3.350
6.210
2.720
2.791
8.380
4.120
2.950
4.830
3.150
5.940
2.730
3.550
2.720
16.309
5.100
2.970
2.780
3.140
2.360
3.660
4.540
3.580
6.880
7.763
13.678
9.393
4.500
8.530
6.990
2.920
3.077
3.745
9999.000
9999.000
9999.000
3.667
2.663
3.305
3.370
3.068
3.152
4.010
6.304
4.589
2.658
3.720
2.562
7.720
2.121
2.563
2.483
9.736
2.089
4.740
7.190
2.920
2.685
2.910
4.330
2.125
2.240
2.330
4.540
5.149
9999.000
13.734
3.510
6.286
6.090
5.510
4.600
4.590
9.780
2.166
4.672
13.030
3.740
10.206
3.340
3.190
3.510
6.010
2.900
2.730
2.900
2.350
4.600
4.040
2.840
3.035
6.042
7.474
6.939
2.168
2.850
8.911
