0.86831989
0.87027162
1.04964625
0.91445905
1.03769397
1.02272443
0.99865119
1.15348482
1.04025509
0.85254047
0.75600888
0.97467387
1.00712228
0.80164644
1.02532801
0.92167063
0.89484605
1.09433590
0.93820210
1.06678376
0.79602403
1.08365462
0.89696281
1.06566057
0.90107836
0.94817558
0.00000000
1.06431409
0.99642552
0.00000000
0.00000000
0.00000000
0.00000000
0.00000000
0.00000000
0.00000000
0.00000000
0.00000000
0.00000000
0.96724210
0.00000000
1.14380636
1.08990407
0.91240656
0.92170932
0.98671668
0.88550446
0.77606690
0.94394028
0.85275292
0.92085668
1.18311138
0.94212194
0.98921717
1.05305371
0.87346278
0.90195849
0.96210198
0.90384189
0.90160333
0.89812986
0.96052304
0.97901922
0.00000000
0.84341584
0.80682571
0.88901002
0.89050613
0.96779225
0.93049112
0.98642174
1.05347344
0.92347904
1.05427645
0.95808173
0.81101662
1.04276147
0.95005342
1.01842204
0.73717401
1.00150498
0.92464514
1.01032173
1.10093957
0.94654229
0.97878588
1.06973972
1.03439285
0.93971058
1.00349726
0.84720868
0.91833540
0.91503769
0.84874122
0.98574870
0.88009725
0.90128037
0.99308601
0.99344650
0.81528025
1.10217715
0.96311588
0.98088368
1.08026515
0.93640587
1.06470472
1.08270402
0.99820092
1.00519608
0.91794151
0.78570461
0.95291355
0.75525927
0.95078182
0.99634284
0.92450380
0.87507305
0.82144111
1.06313143
1.00376148
0.83862321
1.05108713
0.97345222
0.97962073
1.09843140
6.04799627
1.10851328
0.95519427
1.00603444
1.10934139
0.83572786
0.85517117
0.94991867
0.96792824
0.86534879
0.85975883
0.72379917
0.97816298
0.94055806
1.10994713
0.90360451
0.92284063
0.90578735
0.85761406
0.93183362
1.02500317
0.97795820
1.28045861
1.18193745
1.11816427
1.09372591
1.00439869
0.87390724
1.00012332
0.96313032
0.92179423
1.05958778
1.07002402
0.85239083
1.03862402
0.89693402
1.02050974
0.88686403
0.89939895
0.85854370
0.82955137
1.00421375
0.82741018
0.40913936
0.96106209
1.03879825
0.92220759
1.00130578
0.88784005
1.04788978
0.96095390
9.58572910
0.96374165
0.99050710
0.91639380
0.63629134
0.91342253
0.85534139
1.04694043
0.86072817
0.99956032
0.97187603
1.04916840
1.04878200
0.80929934
1.02252201
0.95946834
0.88970978
1.03610023
1.02878770
0.96794394
1.23987649
1.03251243
1.00892252
0.87013560
0.90662001
0.84085819
0.88703099
0.00000000
0.91444944
0.75803468
4.00807892
0.88329344
0.97178354
0.83835157
1.00486004
1.07401226
0.97527668
0.96190512
1.03302397
0.86169755
0.87412035
1.03417132
1.04399407
0.90167890
1.13313601
0.87778136
0.82985144
0.74556751
1.01562634
1.01242938
1.16243760
1.15777175
1.11174726
0.98519015
1.06537237
1.00781073
1.06336089
0.73816268
1.18897259
1.14716232
0.99942648
1.10290288
1.05319957
1.05255198
1.12407615
1.28770005
1.10371789
0.91396154
1.18030110
1.15568366
1.16472759
0.95897515
1.10706662
1.11931673
1.12405184
1.00329407
1.09071087
1.34805943
0.99931751
1.00834234
1.16215356
0.90874360
0.89849349
0.96097870
0.90704351
0.83238470
1.13559105
0.98920205
1.08874231
10.67133824
0.92626420
0.95758724
1.06191656
0.85699733
1.04805711
0.98737473
0.96889473
0.88957937
1.00247199
0.99726883
0.93070280
0.90009621
0.83088063
0.94008213
0.99602901
1.03517433
0.87906138
0.85519500
0.90116094
1.05556172
0.92545781
0.74216541
1.01781474
1.06161467
1.08403198
1.02709063
1.10842546
0.86767625
0.88027244
0.85478722
1.08507546
0.98917699
1.11435778
1.08847341
0.96683723
0.95188687
0.90657612
1.01854714
0.98346483
0.89745312
0.97033787
0.98198901
1.16400981
0.92388805
0.90998331
0.00000000
1.03795346
1.13082603
1.00677131
0.00000000
0.00000000
1.02385762
0.00000000
0.00000000
0.96952996
1.05197866
0.90101648
1.59440307
1.09141356
1.03834916
1.04731658
0.81891323
1.21794779
0.88803808
0.94191942
0.90205654
1.16733177
1.24040578
0.86394339
0.88201446
0.90232077
0.95218882
1.03155751
1.02827977
1.08738766
1.15405555
1.05180094
1.08270140
0.87590733
1.02529787
1.02800355
1.12324989
1.04893005
1.08052949
0.99216164
1.03144435
1.13285101
0.00000000
0.00000000
0.00000000
0.00000000
0.00000000
0.00000000
0.00000000
0.00000000
0.00000000
0.00000000
0.00000000
0.00000000
0.00000000
0.00000000
1.17821143
1.15519693
1.05932061
0.97850631
1.02174044
0.96713872
1.11782677
1.14177471
1.17540981
1.04598158
0.96981019
0.97089133
1.06675414
1.00995901
1.01661321
1.16277981
0.86459974
1.10709518
1.20667667
1.02249515
0.90188686
1.03333634
0.93563995
0.96590162
1.06472737
0.85436231
1.08781209
1.02593483
1.11368595
1.16215274
1.15513461
1.08643934
1.24236310
0.00000000
0.00000000
0.00000000
1.00406130
0.93792728
0.00000000
1.26941454
0.98153907
0.00000000
1.40347706
1.03318455
0.99827601
0.95065848
1.02580016
1.11453538
0.97118814
1.03679502
1.14969141
0.92226734
1.09395829
0.97127070
0.95091664
1.07892839
0.97805644
1.09176482
0.96445026
0.95337468
0.95671762
1.02818557
0.98810678
0.97914677
0.90786303
1.00628157
0.89355735
1.12183097
0.99553422
0.97462377
1.07229940
1.01839968
0.87859487
1.14749844
0.84344144
1.11785328
1.28060373
1.02342071
0.93122235
0.94403127
0.99049024
0.94122355
1.00313657
1.07187142
1.04538853
0.87472034
0.92754755
0.91736697
0.96645972
1.05019549
1.12843213
0.88852557
0.98277965
0.86599039
0.83334370
0.99382446
1.43085724
1.06191514
1.00695636
0.98823698
0.94349568
0.89260872
1.02622480
0.88237918
0.70288060
1.01276109
1.07759232
1.07067272
0.91132802
0.95624182
1.07308292
1.12095041
1.00338461
0.98662362
1.01374530
0.87680098
0.91009392
0.96007647
1.30614500
0.95508528
0.93191534
0.97026120
0.83554659
0.87633043
0.98635458
1.00531192
0.98932143
1.01584838
1.03884046
0.85487345
1.03681280
0.97431423
1.14121694
1.15278051
1.21512528
0.89674971
0.88861221
0.84996522
1.11989165
0.75116824
0.92620553
0.91470942
1.06001667
1.16969864
0.95304251
1.15765477
0.86621153
0.94677080
0.91322913
1.01421590
1.46120029
3.08614942
1.01491714
0.83954685
1.01697659
1.06419114
0.96681731
1.01750828
1.04304915
1.00117499
0.93443990
0.75949486
0.74551168
0.93568447
0.82194207
0.95792990
0.95278669
0.86251255
0.99406040
0.99327092
1.07615568
0.41268648
1.05047747
0.00000000
0.91761779
0.97574452
0.92959909
1.07789688
0.96915484
1.04038896
1.03751517
1.05680582
1.09922591
0.97306497
1.07811853
0.87106984
0.88712872
1.22187021
0.96757658
0.88984305
1.07162302
0.99446529
0.92655717
0.97628241
0.92340228
0.97305811
0.85660563
1.03013303
0.91699028
0.99693875
0.75227533
1.07941853
0.97976035
0.97026685
1.03356551
0.94792626
1.17648539
9.86412770
1.03321069
0.75691591
0.81691617
0.80918622
1.09561455
1.07925294
1.06388547
0.98625154
1.05194235
1.58046733
0.74751456
0.98364416
0.91242587
0.94193796
0.89148113
0.90683304
0.79961745
0.86744955
0.72731094
1.00435478
0.77819642
0.83188989
0.83140669
0.98521935
0.96433756
0.79249647
0.74804707
0.88433690
0.90628816
0.95644743
1.03075889
1.05960953
0.99189623
1.03772533
0.85008832
0.86314456
0.97445947
0.95676115
1.01005982
1.07180181
0.83947789
0.96701214
0.79017908
0.92225533
0.99489290
0.99312367
0.93886955
1.10850292
0.88627072
0.89662154
0.99795844
0.98291151
0.90522193
0.79721757
1.10567682
0.88390664
0.87544923
0.86559909
1.08590752
0.83487117
0.84425209
0.79974771
1.06514857
0.77653070
1.03722643
1.05176122
0.86817884
0.95065910
0.91173371
1.20773370
0.84808750
1.31737247
0.95436492
0.97835866
1.19024806
0.91662327
1.08036602
0.81369316
0.97166753
0.92659139
1.02957402
0.96186839
1.01382638
1.23682951
0.88684089
0.95656217
0.95466651
0.96722842
1.02116308
0.85080042
0.89744904
1.09507758
1.02211192
0.98215907
0.79690491
1.03433717
0.85366789
0.93338444
0.90440531
0.89449933
0.87276103
0.88508659
1.14547712
1.01875596
0.00000000
1.13532181
0.00000000
0.00000000
0.00000000
0.00000000
0.00000000
0.00000000
0.00000000
0.00000000
0.00000000
1.06692677
0.00000000
0.00000000
0.88142941
1.08363826
0.98357833
1.06538713
1.14339753
0.85872980
0.82000818
0.73593448
0.83608577
0.94945481
0.95831564
0.90959493
0.91879502
0.99958528
1.05457534
0.91705738
0.96552663
0.74786148
1.05475483
1.17245402
1.01447459
0.94213912
0.89129028
1.06555087
1.05251244
0.90853714
0.93944536
