#########################################################################
#                                                                       #
# Tagger configuration file for the December 07 beamtime                #
#                                                                       #
#########################################################################

##	#FP	Energy?	Time?	Pos?
Size:	352	0	1	1
Multi-hit: 8
##
##	Scalers	Calib	Overlap	Micro	#trig	Toff	Tres
Misc:	1	1	0	0	0	248.0	5.0
#Misc:   1   1   1   0   0   250.0   5.0
##
#Window:   95. 120. 69. 94.
#Window:   95. 120. 121. 146.
##
## G 0 - 32  Section AB
##
Element: 816 0.2 2.5 0.0 0.00050 1438M0  -1000  150 -642.744814 0.1170 0 0 0  107.156  1.925  164
Element: 800 0.2 2.5 0.0 0.00050 1432M0  -1000  150 -634.372416 0.1170 0 0 0  109.083  2.005  152
Element: 817 0.2 2.5 0.0 0.00050 1454M0  -1000  150 -643.575204 0.1170 0 0 0  111.092  2.087  165
Element: 801 0.2 2.5 0.0 0.00050 1448M0  -1000  150 -653.702997 0.1170 0 0 0  113.181  2.167  153
Element: 818 0.2 2.5 0.0 0.00050 1439M0  -1000  150 -643.163203 0.1170 0 0 0  115.352  2.252  166
Element: 802 0.2 2.5 0.0 0.00050 1433M0  -1000  150 -644.419173 0.1170 0 0 0  117.605  2.339  154
Element: 819 0.2 2.5 0.0 0.00050 1455M0  -1000  150 -653.314319 0.1170 0 0 0  119.950  2.428  167
Element: 803 0.2 2.5 0.0 0.00050 1449M0  -1000  150 -647.508334 0.1170 0 0 0  122.382  2.516  155
Element: 820 0.2 2.5 0.0 0.00050 1440M0  -1000  150 -647.061853 0.1170 0 0 0  124.899  2.602  168
Element: 804 0.2 2.5 0.0 0.00050 1434M0  -1000  150 -648.991884 0.1170 0 0 0  127.499  2.685  156
Element: 821 0.2 2.5 0.0 0.00050 1456M0  -1000  150 -632.289711 0.1170 0 0 0  130.179  2.765  169
Element: 805 0.2 2.5 0.0 0.00050 1450M0  -1000  150 -645.412770 0.1170 0 0 0  132.936  2.839  157
Element: 822 0.2 2.5 0.0 0.00050 1441M0  -1000  150 -648.683138 0.1170 0 0 0  135.765  2.910  170
Element: 806 0.2 2.5 0.0 0.00050 1435M0  -1000  150 -647.008143 0.1170 0 0 0  138.659  2.974  158
Element: 823 0.2 2.5 0.0 0.00050 1457M0  -1000  150 -631.849523 0.1170 0 0 0  141.615  3.034  171
Element: 807 0.2 2.5 0.0 0.00050 1451M0  -1000  150 -649.334481 0.1170 0 0 0  144.623  3.084  159
Element: 824 0.2 2.5 0.0 0.00050 1442M0  -1000  150 -652.885104 0.1170 0 0 0  147.679  3.130  172
Element: 808 0.2 2.5 0.0 0.00050 1436M0  -1000  150 -644.158212 0.1170 0 0 0  150.770  3.163  160
Element: 825 0.2 2.5 0.0 0.00050 1458M0  -1000  150 -647.312270 0.1170 0 0 0  153.893  3.188  173
Element: 809 0.2 2.5 0.0 0.00050 1452M0  -1000  150 -646.909851 0.1170 0 0 0  157.032  3.202  161
Element: 826 0.2 2.5 0.0 0.00050 1443M0  -1000  150 -653.750962 0.1170 0 0 0  160.187  3.204  174
Element: 810 0.2 2.5 0.0 0.00050 1437M0  -1000  150 -650.307336 0.1170 0 0 0  163.336  3.198  162
Element: 827 0.2 2.5 0.0 0.00050 1459M0  -1000  150 -648.069243 0.1170 0 0 0  166.475  3.178  175
Element: 811 0.2 2.5 0.0 0.00050 1453M0  -1000  150 -644.010290 0.1170 0 0 0  169.591  3.149  163
Element: 828 0.2 2.5 0.0 0.00050 1444M0  -1000  150 -653.996393 0.1170 0 0 0  172.675  3.113  176
Element: 829 0.2 2.5 0.0 0.00050 1460M0  -1000  150 -641.974405 0.1170 0 0 0  175.720  3.071  177
Element: 830 0.2 2.5 0.0 0.00050 1445M0  -1000  150 -646.789107 0.1170 0 0 0  178.719  3.021  178
Element: 831 0.2 2.5 0.0 0.00050 1461M0  -1000  150 -551.736000 0.1170 0 0 0  181.666  2.971  179
Element: 812 0.2 2.5 0.0 0.00050 1446M0  -1000  150 -606.891700 0.1170 0 0 0  184.563  2.919  180
Element: 813 0.2 2.5 0.0 0.00050 1462M0  -1000  150 -635.989555 0.1170 0 0 0  187.405  2.870  181
Element: 814 0.2 2.5 0.0 0.00050 1447M0  -1000  150 -643.419009 0.1170 0 0 0  190.203  2.827  182
Element: 815 0.2 2.5 0.0 0.00050 1463M0  -1000  150 -638.448623 0.1170 0 0 0  192.962  2.788  183
##
## G 32 - 64  Section CD
##
Element: 832 0.2 2.5 0.0 0.00050 1464M0  -1000  150 -654.850493 0.1170 0 0 0  195.664  2.797  184
Element: 833 0.2 2.5 0.0 0.00050 1480M0  -1000  150 -662.056109 0.1170 0 0 0  198.377  2.847  185
Element: 834 0.2 2.5 0.0 0.00050 1465M0  -1000  150 -655.489775 0.1170 0 0 0  201.077  2.885  186
Element: 835 0.2 2.5 0.0 0.00050 1481M0  -1000  150 -651.136508 0.1170 0 0 0  203.784  2.909  187
Element: 836 0.2 2.5 0.0 0.00050 1466M0  -1000  150 -653.797435 0.1170 0 0 0  206.509  2.921  188
Element: 837 0.2 2.5 0.0 0.00050 1482M0  -1000  150 -654.698085 0.1170 0 0 0  209.255  2.940  189
Element: 838 0.2 2.5 0.0 0.00050 1467M0  -1000  150 -650.823046 0.1170 0 0 0  212.053  2.891  190
Element: 839 0.2 2.5 0.0 0.00050 1483M0  -1000  150 -650.581175 0.1170 0 0 0  214.786  2.844  191
Element: 840 0.2 2.5 0.0 0.00050 1468M0  -1000  150 -654.141280 0.1170 0 0 0  217.566  2.869  192
Element: 841 0.2 2.5 0.0 0.00050 1484M0  -1000  150 -651.002356 0.1170 0 0 0  220.358  2.897  193
Element: 842 0.2 2.5 0.0 0.00050 1469M0  -1000  150 -647.691752 0.1170 0 0 0  223.160  2.923  194
Element: 843 0.2 2.5 0.0 0.00050 1485M0  -1000  150 -653.460134 0.1170 0 0 0  225.972  2.953  195
Element: 844 0.2 2.5 0.0 0.00050 1470M0  -1000  150 -643.970516 0.1170 0 0 0  228.796  2.980  196
Element: 845 0.2 2.5 0.0 0.00050 1486M0  -1000  150 -648.961231 0.1170 0 0 0  231.630  3.008  197
Element: 846 0.2 2.5 0.0 0.00050 1471M0  -1000  150 -640.139316 0.1170 0 0 0  234.475  3.036  198
Element: 847 0.2 2.5 0.0 0.00050 1487M0  -1000  150 -653.102958 0.1170 0 0 0  237.330  3.063  199
Element: 848 0.2 2.5 0.0 0.00050 1472M0  -1000  150 -642.664129 0.1170 0 0 0  240.234  3.016  200
Element: 849 0.2 2.5 0.0 0.00050 1488M0  -1000  150 -637.409710 0.1170 0 0 0  243.074  2.968  201
Element: 850 0.2 2.5 0.0 0.00050 1473M0  -1000  150 -646.243526 0.1170 0 0 0  245.963  2.996  202
Element: 851 0.2 2.5 0.0 0.00050 1489M0  -1000  150 -634.431195 0.1170 0 0 0  248.862  3.023  203
Element: 852 0.2 2.5 0.0 0.00050 1474M0  -1000  150 -649.487272 0.1170 0 0 0  251.772  3.051  204
Element: 853 0.2 2.5 0.0 0.00050 1490M0  -1000  150 -637.707969 0.1170 0 0 0  254.695  3.078  205
Element: 854 0.2 2.5 0.0 0.00050 1475M0  -1000  150 -645.240226 0.1170 0 0 0  257.629  3.105  206
Element: 855 0.2 2.5 0.0 0.00050 1491M0  -1000  150 -638.239057 0.1170 0 0 0  260.575  3.133  207
Element: 856 0.2 2.5 0.0 0.00050 1476M0  -1000  150 -643.490136 0.1170 0 0 0  263.562  3.099  208
Element: 857 0.2 2.5 0.0 0.00050 1492M0  -1000  150 -628.810999 0.1170 0 0 0  266.497  3.060  209
Element: 858 0.2 2.5 0.0 0.00050 1477M0  -1000  150 -638.133401 0.1170 0 0 0  269.477  3.088  210
Element: 859 0.2 2.5 0.0 0.00050 1493M0  -1000  150 -631.251078 0.1170 0 0 0  272.468  3.115  211
Element: 860 0.2 2.5 0.0 0.00050 1478M0  -1000  150 -626.253012 0.1170 0 0 0  275.469  3.143  212
Element: 861 0.2 2.5 0.0 0.00050 1494M0  -1000  150 -632.449915 0.1170 0 0 0  278.482  3.170  213
Element: 862 0.2 2.5 0.0 0.00050 1479M0  -1000  150 -636.628038 0.1170 0 0 0  281.508  3.199  214
Element: 863 0.2 2.5 0.0 0.00050 1495M0  -1000  150 -628.069764 0.1170 0 0 0  284.545  3.229  215
##
## G 64 - 96  Section EF
##
Element: 864 0.2 2.5 0.0 0.00050 1496M0  -1000  150 -641.713765 0.1170 0 0 0  287.592  3.256  216
Element: 865 0.2 2.5 0.0 0.00050 1512M0  -1000  150 -642.875546 0.1170 0 0 0  290.652  3.284  217
Element: 866 0.2 2.5 0.0 0.00050 1497M0  -1000  150 -643.918134 0.1170 0 0 0  293.723  3.312  218
Element: 867 0.2 2.5 0.0 0.00050 1513M0  -1000  150 -644.996037 0.1170 0 0 0  296.845  3.261  219
Element: 868 0.2 2.5 0.0 0.00050 1498M0  -1000  150 -643.562785 0.1170 0 0 0  299.899  3.209  220
Element: 869 0.2 2.5 0.0 0.00050 1514M0  -1000  150 -645.593729 0.1170 0 0 0  303.003  3.237  221
Element: 870 0.2 2.5 0.0 0.00050 1499M0  -1000  150 -643.320661 0.1170 0 0 0  306.120  3.264  222
Element: 871 0.2 2.5 0.0 0.00050 1515M0  -1000  150 -644.369025 0.1170 0 0 0  309.248  3.293  223
Element: 872 0.2 2.5 0.0 0.00050 1500M0  -1000  150 -642.074211 0.1170 0 0 0  312.388  3.321  224
Element: 873 0.2 2.5 0.0 0.00050 1516M0  -1000  150 -642.977576 0.1170 0 0 0  315.540  3.349  225
Element: 874 0.2 2.5 0.0 0.00050 1501M0  -1000  150 -633.938082 0.1170 0 0 0  318.702  3.377  226
Element: 875 0.2 2.5 0.0 0.00050 1517M0  -1000  150 -645.675523 0.1170 0 0 0  321.876  3.407  227
Element: 876 0.2 2.5 0.0 0.00050 1502M0  -1000  150 -633.460352 0.1170 0 0 0  325.096  3.367  228
Element: 877 0.2 2.5 0.0 0.00050 1518M0  -1000  150 -637.511708 0.1170 0 0 0  328.259  3.325  229
Element: 878 0.2 2.5 0.0 0.00050 1503M0  -1000  150 -633.658177 0.1170 0 0 0  331.466  3.353  230
Element: 879 0.2 2.5 0.0 0.00050 1519M0  -1000  150 -642.250012 0.1170 0 0 0  334.686  3.380  231
Element: 880 0.2 2.5 0.0 0.00050 1504M0  -1000  150 -635.646631 0.1170 0 0 0  337.917  3.411  232
Element: 881 0.2 2.5 0.0 0.00050 1520M0  -1000  150 -633.931776 0.1170 0 0 0  341.158  3.436  233
Element: 882 0.2 2.5 0.0 0.00050 1505M0  -1000  150 -636.400892 0.1170 0 0 0  344.412  3.465  234
Element: 883 0.2 2.5 0.0 0.00050 1521M0  -1000  150 -627.981831 0.1170 0 0 0  347.677  3.494  235
Element: 884 0.2 2.5 0.0 0.00050 1506M0  -1000  150 -639.731879 0.1170 0 0 0  350.953  3.523  236
Element: 885 0.2 2.5 0.0 0.00050 1522M0  -1000  150 -631.537421 0.1170 0 0 0  354.276  3.479  237
Element: 886 0.2 2.5 0.0 0.00050 1507M0  -1000  150 -634.917421 0.1170 0 0 0  357.537  3.435  238
Element: 887 0.2 2.5 0.0 0.00050 1523M0  -1000  150 -635.436626 0.1170 0 0 0  360.847  3.462  239
Element: 888 0.2 2.5 0.0 0.00050 1508M0  -1000  150 -642.084067 0.1170 0 0 0  364.168  3.491  240
Element: 889 0.2 2.5 0.0 0.00050 1524M0  -1000  150 -626.506098 0.1170 0 0 0  367.499  3.520  241
Element: 890 0.2 2.5 0.0 0.00050 1509M0  -1000  150 -625.628450 0.1170 0 0 0  370.841  3.547  242
Element: 891 0.2 2.5 0.0 0.00050 1525M0  -1000  150 -627.474697 0.1170 0 0 0  374.195  3.575  243
Element: 892 0.2 2.5 0.0 0.00050 1510M0  -1000  150 -617.793485 0.1170 0 0 0  377.559  3.604  244
Element: 893 0.2 2.5 0.0 0.00050 1526M0  -1000  150 -621.436948 0.1170 0 0 0  380.934  3.632  245
Element: 894 0.2 2.5 0.0 0.00050 1511M0  -1000  150 -623.913152 0.1170 0 0 0  384.352  3.597  246
Element: 895 0.2 2.5 0.0 0.00050 1527M0  -1000  150 -616.567540 0.1170 0 0 0  387.717  3.558  247
##
## G 96 - 128  Section GH
##
Element: 896 0.2 2.5 0.0 0.00050 1528M0  -1000  150 -627.492983 0.1170 0 0 0  391.123  3.587  248
Element: 897 0.2 2.5 0.0 0.00050 1544M0  -1000  150 -640.285403 0.1170 0 0 0  394.542  3.615  249
Element: 898 0.2 2.5 0.0 0.00050 1529M0  -1000  150 -634.702258 0.1170 0 0 0  397.971  3.644  250
Element: 899 0.2 2.5 0.0 0.00050 1545M0  -1000  150 -635.893809 0.1170 0 0 0  401.411  3.671  251
Element: 900 0.2 2.5 0.0 0.00050 1530M0  -1000  150 -638.987070 0.1170 0 0 0  404.860  3.700  252
Element: 901 0.2 2.5 0.0 0.00050 1546M0  -1000  150 -639.277306 0.1170 0 0 0  408.321  3.729  253
Element: 902 0.2 2.5 0.0 0.00050 1531M0  -1000  150 -626.588139 0.1170 0 0 0  411.792  3.757  254
Element: 903 0.2 2.5 0.0 0.00050 1547M0  -1000  150 -625.682649 0.1170 0 0 0  415.313  3.706  255
Element: 904 0.2 2.5 0.0 0.00050 1532M0  -1000  150 -625.612639 0.1170 0 0 0  418.765  3.654  256
Element: 905 0.2 2.5 0.0 0.00050 1548M0  -1000  150 -634.325417 0.1170 0 0 0  422.267  3.683  257
Element: 906 0.2 2.5 0.0 0.00050 1533M0  -1000  150 -627.335030 0.1170 0 0 0  425.779  3.711  258
Element: 907 0.2 2.5 0.0 0.00050 1549M0  -1000  150 -623.931274 0.1170 0 0 0  429.302  3.738  259
Element: 908 0.2 2.5 0.0 0.00050 1534M0  -1000  150 -620.976749 0.1170 0 0 0  432.835  3.767  260
Element: 909 0.2 2.5 0.0 0.00050 1550M0  -1000  150 -622.352114 0.1170 0 0 0  436.378  3.795  261
Element: 910 0.2 2.5 0.0 0.00050 1535M0  -1000  150 -616.795811 0.1170 0 0 0  439.931  3.823  262
Element: 911 0.2 2.5 0.0 0.00050 1551M0  -1000  150 -635.969898 0.1170 0 0 0  443.494  3.852  263
Element: 912 0.2 2.5 0.0 0.00050 1536M0  -1000  150 -632.984521 0.1170 0 0 0  447.067  3.880  264
Element: 913 0.2 2.5 0.0 0.00050 1552M0  -1000  150 -612.552598 0.1170 0 0 0  450.686  3.838  265
Element: 914 0.2 2.5 0.0 0.00050 1537M0  -1000  150 -632.807909 0.1170 0 0 0  454.242  3.792  266
Element: 915 0.2 2.5 0.0 0.00050 1553M0  -1000  150 -623.558215 0.1170 0 0 0  457.844  3.819  267
Element: 916 0.2 2.5 0.0 0.00050 1538M0  -1000  150 -632.142179 0.1170 0 0 0  461.456  3.849  268
Element: 917 0.2 2.5 0.0 0.00050 1554M0  -1000  150 -627.956917 0.1170 0 0 0  465.078  3.876  269
Element: 918 0.2 2.5 0.0 0.00050 1539M0  -1000  150 -618.589205 0.1170 0 0 0  468.710  3.905  270
Element: 919 0.2 2.5 0.0 0.00050 1555M0  -1000  150 -624.653664 0.1170 0 0 0  472.351  3.934  271
Element: 920 0.2 2.5 0.0 0.00050 1540M0  -1000  150 -636.815438 0.1170 0 0 0  476.001  3.963  272
Element: 921 0.2 2.5 0.0 0.00050 1556M0  -1000  150 -613.599282 0.1170 0 0 0  479.661  3.991  273
Element: 922 0.2 2.5 0.0 0.00050 1541M0  -1000  150 -623.480768 0.1170 0 0 0  483.329  4.019  274
Element: 923 0.2 2.5 0.0 0.00050 1557M0  -1000  150 -620.458600 0.1170 0 0 0  487.052  3.959  275
Element: 924 0.2 2.5 0.0 0.00050 1542M0  -1000  150 -623.702163 0.1170 0 0 0  490.695  3.898  276
Element: 925 0.2 2.5 0.0 0.00050 1558M0  -1000  150 -621.454977 0.1170 0 0 0  494.392  3.925  277
Element: 926 0.2 2.5 0.0 0.00050 1543M0  -1000  150 -625.293788 0.1170 0 0 0  498.098  3.953  278
Element: 927 0.2 2.5 0.0 0.00050 1559M0  -1000  150 -612.437990 0.1170 0 0 0  501.813  3.982  279
##
## G 128 - 160  Section IJ
##
Element: 928 0.2 2.5 0.0 0.00050 1560M0  -1000  150 -598.546385 0.1170 0 0 0  505.536  4.010  280
Element: 929 0.2 2.5 0.0 0.00050 1576M0  -1000  150 -607.911913 0.1170 0 0 0  509.269  4.038  281
Element: 930 0.2 2.5 0.0 0.00050 1561M0  -1000  150 -605.581760 0.1170 0 0 0  513.010  4.068  282
Element: 931 0.2 2.5 0.0 0.00050 1577M0  -1000  150 -607.890951 0.1170 0 0 0  516.761  4.095  283
Element: 932 0.2 2.5 0.0 0.00050 1562M0  -1000  150 -616.630638 0.1170 0 0 0  520.520  4.123  284
Element: 933 0.2 2.5 0.0 0.00050 1578M0  -1000  150 -608.129305 0.1170 0 0 0  524.334  4.059  285
Element: 934 0.2 2.5 0.0 0.00050 1563M0  -1000  150 -606.366624 0.1170 0 0 0  528.063  3.994  286
Element: 935 0.2 2.5 0.0 0.00050 1579M0  -1000  150 -611.961373 0.1170 0 0 0  531.848  4.022  287
Element: 936 0.2 2.5 0.0 0.00050 1564M0  -1000  150 -609.720865 0.1170 0 0 0  535.641  4.050  288
Element: 937 0.2 2.5 0.0 0.00050 1580M0  -1000  150 -608.585563 0.1170 0 0 0  539.442  4.076  289
Element: 938 0.2 2.5 0.0 0.00050 1565M0  -1000  150 -606.902123 0.1170 0 0 0  543.251  4.107  290
Element: 939 0.2 2.5 0.0 0.00050 1581M0  -1000  150 -609.347188 0.1170 0 0 0  547.069  4.132  291
Element: 940 0.2 2.5 0.0 0.00050 1566M0  -1000  150 -602.727523 0.1170 0 0 0  550.896  4.161  292
Element: 941 0.2 2.5 0.0 0.00050 1582M0  -1000  150 -606.563210 0.1170 0 0 0  554.730  4.189  293
Element: 942 0.2 2.5 0.0 0.00050 1567M0  -1000  150 -600.399281 0.1170 0 0 0  558.571  4.217  294
Element: 943 0.2 2.5 0.0 0.00050 1583M0  -1000  150 -608.729899 0.1170 0 0 0  562.421  4.245  295
Element: 944 0.2 2.5 0.0 0.00050 1568M0  -1000  150 -603.573651 0.1170 0 0 0  566.329  4.175  296
Element: 945 0.2 2.5 0.0 0.00050 1584M0  -1000  150 -599.945887 0.1170 0 0 0  570.145  4.106  297
Element: 946 0.2 2.5 0.0 0.00050 1569M0  -1000  150 -603.811922 0.1170 0 0 0  574.019  4.133  298
Element: 947 0.2 2.5 0.0 0.00050 1585M0  -1000  150 -595.338374 0.1170 0 0 0  577.900  4.159  299
Element: 948 0.2 2.5 0.0 0.00050 1570M0  -1000  150 -606.912793 0.1170 0 0 0  581.788  4.188  300
Element: 949 0.2 2.5 0.0 0.00050 1586M0  -1000  150 -602.295232 0.1170 0 0 0  585.685  4.214  301
Element: 950 0.2 2.5 0.0 0.00050 1571M0  -1000  150 -605.035118 0.1170 0 0 0  589.589  4.243  302
Element: 951 0.2 2.5 0.0 0.00050 1587M0  -1000  150 -601.035574 0.1170 0 0 0  593.499  4.270  303
Element: 952 0.2 2.5 0.0 0.00050 1572M0  -1000  150 -606.291481 0.1170 0 0 0  597.417  4.297  304
Element: 953 0.2 2.5 0.0 0.00050 1588M0  -1000  150 -596.256620 0.1170 0 0 0  601.342  4.326  305
Element: 954 0.2 2.5 0.0 0.00050 1573M0  -1000  150 -601.708000 0.1170 0 0 0  605.274  4.352  306
Element: 955 0.2 2.5 0.0 0.00050 1589M0  -1000  150 -610.706178 0.1170 0 0 0  609.266  4.279  307
Element: 956 0.2 2.5 0.0 0.00050 1574M0  -1000  150 -595.342139 0.1170 0 0 0  613.161  4.203  308
Element: 957 0.2 2.5 0.0 0.00050 1590M0  -1000  150 -590.926669 0.1170 0 0 0  617.114  4.231  309
Element: 958 0.2 2.5 0.0 0.00050 1575M0  -1000  150 -604.675653 0.1170 0 0 0  621.075  4.256  310
Element: 959 0.2 2.5 0.0 0.00050 1591M0  -1000  150 -603.237445 0.1170 0 0 0  625.042  4.284  311
##
## G 160 - 192  Section KL
##
Element: 960 0.2 2.5 0.0 0.00050 1592M0  -1000  150 -592.296108 0.1170 0 0 0  629.016  4.311  312
Element: 961 0.2 2.5 0.0 0.00050 1608M0  -1000  150 -613.113274 0.1170 0 0 0  632.996  4.339  313
Element: 962 0.2 2.5 0.0 0.00050 1593M0  -1000  150 -611.152527 0.1170 0 0 0  636.983  4.366  314
Element: 963 0.2 2.5 0.0 0.00050 1609M0  -1000  150 -612.177205 0.1170 0 0 0  640.976  4.393  315
Element: 964 0.2 2.5 0.0 0.00050 1594M0  -1000  150 -610.212320 0.1170 0 0 0  644.976  4.420  316
Element: 965 0.2 2.5 0.0 0.00050 1610M0  -1000  150 -607.484028 0.1170 0 0 0  648.983  4.447  317
Element: 966 0.2 2.5 0.0 0.00050 1595M0  -1000  150 -610.624061 0.1170 0 0 0  653.048  4.369  318
Element: 967 0.2 2.5 0.0 0.00050 1611M0  -1000  150 -612.849763 0.1170 0 0 0  657.014  4.287  319
Element: 968 0.2 2.5 0.0 0.00050 1596M0  -1000  150 -610.949079 0.1170 0 0 0  661.038  4.313  320
Element: 969 0.2 2.5 0.0 0.00050 1612M0  -1000  150 -607.671003 0.1170 0 0 0  665.069  4.341  321
Element: 970 0.2 2.5 0.0 0.00050 1597M0  -1000  150 -592.935915 0.1170 0 0 0  669.106  4.367  322
Element: 971 0.2 2.5 0.0 0.00050 1613M0  -1000  150 -612.595812 0.1170 0 0 0  673.149  4.394  323
Element: 972 0.2 2.5 0.0 0.00050 1598M0  -1000  150 -602.155777 0.1170 0 0 0  677.196  4.422  324
Element: 973 0.2 2.5 0.0 0.00050 1614M0  -1000  150 -598.057573 0.1170 0 0 0  681.251  4.446  325
Element: 974 0.2 2.5 0.0 0.00050 1599M0  -1000  150 -587.226541 0.1170 0 0 0  685.311  4.475  326
Element: 975 0.2 2.5 0.0 0.00050 1615M0  -1000  150 -599.614881 0.1170 0 0 0  689.376  4.500  327
Element: 976 0.2 2.5 0.0 0.00050 1600M0  -1000  150 -596.506641 0.1170 0 0 0  693.447  4.528  328
Element: 977 0.2 2.5 0.0 0.00050 1616M0  -1000  150 -589.348701 0.1170 0 0 0  697.571  4.459  329
Element: 978 0.2 2.5 0.0 0.00050 1601M0  -1000  150 -601.221829 0.1170 0 0 0  701.604  4.389  330
Element: 979 0.2 2.5 0.0 0.00050 1617M0  -1000  150 -585.082698 0.1170 0 0 0  705.692  4.415  331
Element: 980 0.2 2.5 0.0 0.00050 1602M0  -1000  150 -602.657660 0.1170 0 0 0  709.783  4.441  332
Element: 981 0.2 2.5 0.0 0.00050 1618M0  -1000  150 -598.797253 0.1170 0 0 0  713.881  4.468  333
Element: 982 0.2 2.5 0.0 0.00050 1603M0  -1000  150 -606.290538 0.1170 0 0 0  717.982  4.493  334
Element: 983 0.2 2.5 0.0 0.00050 1619M0  -1000  150 -609.482807 0.1170 0 0 0  722.090  4.520  335
Element: 984 0.2 2.5 0.0 0.00050 1604M0  -1000  150 -614.611992 0.1170 0 0 0  726.202  4.546  336
Element: 985 0.2 2.5 0.0 0.00050 1620M0  -1000  150 -587.074337 0.1170 0 0 0  730.319  4.571  337
Element: 986 0.2 2.5 0.0 0.00050 1605M0  -1000  150 -592.398857 0.1170 0 0 0  734.441  4.598  338
Element: 987 0.2 2.5 0.0 0.00050 1621M0  -1000  150 -590.905769 0.1170 0 0 0  738.567  4.624  339
Element: 988 0.2 2.5 0.0 0.00050 1606M0  -1000  150 -587.734209 0.1170 0 0 0  742.756  4.535  340
Element: 989 0.2 2.5 0.0 0.00050 1622M0  -1000  150 -584.969850 0.1170 0 0 0  746.833  4.444  341
Element: 990 0.2 2.5 0.0 0.00050 1607M0  -1000  150 -584.422223 0.1170 0 0 0  750.974  4.469  342
Element: 991 0.2 2.5 0.0 0.00050 1623M0  -1000  150 -578.373028 0.1170 0 0 0  755.118  4.497  343
##
## G 192 - 224  Section MN
##
Element: 992 0.2 2.5 0.0 0.00050 1624M0  -1000 150 -581.599875 0.1170 0 0 0  759.267  4.521  344
Element: 993 0.2 2.5 0.0 0.00050 1640M0  -1000 150 -592.686219 0.1170 0 0 0  763.420  4.546  345
Element: 994 0.2 2.5 0.0 0.00050 1625M0  -1000 150 -587.842369 0.1170 0 0 0  767.577  4.572  346
Element: 995 0.2 2.5 0.0 0.00050 1641M0  -1000 150 -594.324327 0.1170 0 0 0  771.738  4.598  347
Element: 996 0.2 2.5 0.0 0.00050 1626M0  -1000 150 -598.099775 0.1170 0 0 0  775.904  4.624  348
Element: 997 0.2 2.5 0.0 0.00050 1642M0  -1000 150 -595.121459 0.1170 0 0 0  780.073  4.648  349
Element: 998 0.2 2.5 0.0 0.00050 1627M0  -1000 150 -593.540892 0.1170 0 0 0  784.247  4.675  350
Element: 999 0.2 2.5 0.0 0.00050 1643M0  -1000 150 -593.403453 0.1170 0 0 0  788.423  4.701  351
Element: 1000 0.2 2.5 0.0 0.00050 1628M0 -1000 150 -595.024198 0.1170 0 0 0  792.656  4.622  352
Element: 1001 0.2 2.5 0.0 0.00050 1644M0 -1000 150 -597.720848 0.1170 0 0 0  796.788  4.544  353
Element: 1002 0.2 2.5 0.0 0.00050 1629M0 -1000 150 -591.569618 0.1170 0 0 0  800.976  4.569  354
Element: 1003 0.2 2.5 0.0 0.00050 1645M0 -1000 150 -595.635235 0.1170 0 0 0  805.168  4.594  355
Element: 1004 0.2 2.5 0.0 0.00050 1630M0 -1000 150 -587.401052 0.1170 0 0 0  809.363  4.618  356
Element: 1005 0.2 2.5 0.0 0.00050 1646M0 -1000 150 -605.743435 0.1170 0 0 0  813.557  4.644  357
Element: 1006 0.2 2.5 0.0 0.00050 1631M0 -1000 150 -603.573056 0.1170 0 0 0  817.758  4.668  358
Element: 1007 0.2 2.5 0.0 0.00050 1647M0 -1000 150 -609.932440 0.1170 0 0 0  821.962  4.694  359
Element: 1008 0.2 2.5 0.0 0.00050 1632M0 -1000 150 -598.606782 0.1170 0 0 0  826.169  4.718  360
Element: 1009 0.2 2.5 0.0 0.00050 1648M0 -1000 150 -580.270980 0.1170 0 0 0  830.379  4.743  361
Element: 1010 0.2 2.5 0.0 0.00050 1633M0 -1000 150 -598.774108 0.1170 0 0 0  834.590  4.769  362
Element: 1011 0.2 2.5 0.0 0.00050 1649M0 -1000 150 -597.995984 0.1170 0 0 0  838.805  4.794  363
Element: 1012 0.2 2.5 0.0 0.00050 1634M0 -1000 150 -607.524507 0.1170 0 0 0  843.085  4.694  364
Element: 1013 0.2 2.5 0.0 0.00050 1650M0 -1000 150 -598.196759 0.1170 0 0 0  847.242  4.591  365
Element: 1014 0.2 2.5 0.0 0.00050 1635M0 -1000 150 -587.864807 0.1170 0 0 0  851.464  4.616  366
Element: 1015 0.2 2.5 0.0 0.00050 1651M0 -1000 150 -583.376818 0.1170 0 0 0  855.689  4.639  367
Element: 1016 0.2 2.5 0.0 0.00050 1636M0 -1000 150 -601.959005 0.1170 0 0 0  859.915  4.666  368
Element: 1017 0.2 2.5 0.0 0.00050 1652M0 -1000 150 -582.244025 0.1170 0 0 0  864.143  4.688  369
Element: 1018 0.2 2.5 0.0 0.00050 1637M0 -1000 150 -583.603679 0.1170 0 0 0  868.374  4.713  370
Element: 1019 0.2 2.5 0.0 0.00050 1653M0 -1000 150 -582.187852 0.1170 0 0 0  872.607  4.737  371
Element: 1020 0.2 2.5 0.0 0.00050 1638M0 -1000 150 -580.074948 0.1170 0 0 0  876.842  4.762  372
Element: 1021 0.2 2.5 0.0 0.00050 1654M0 -1000 150 -580.741695 0.1170 0 0 0  881.079  4.785  373
Element: 1022 0.2 2.5 0.0 0.00050 1639M0 -1000 150 -584.517508 0.1170 0 0 0  885.317  4.810  374
Element: 1023 0.2 2.5 0.0 0.00050 1655M0 -1000 150 -577.804336 0.1170 0 0 0  889.557  4.834  375
##
## G 224 - 256  Section OP
##
Element: 1024 0.2 2.5 0.0 0.00050 1656M0 -1000 150 -568.896533 0.1170 0 0 0  893.864  4.729  376
Element: 1025 0.2 2.5 0.0 0.00050 1672M0 -1000 150 -579.102952 0.1170 0 0 0  898.042  4.620  377
Element: 1026 0.2 2.5 0.0 0.00050 1657M0 -1000 150 -576.272725 0.1170 0 0 0  902.288  4.644  378
Element: 1027 0.2 2.5 0.0 0.00050 1673M0 -1000 150 -577.869541 0.1170 0 0 0  906.534  4.669  379
Element: 1028 0.2 2.5 0.0 0.00050 1658M0 -1000 150 -582.240303 0.1170 0 0 0  910.782  4.691  380
Element: 1029 0.2 2.5 0.0 0.00050 1674M0 -1000 150 -581.793300 0.1170 0 0 0  915.032  4.715  381
Element: 1030 0.2 2.5 0.0 0.00050 1659M0 -1000 150 -579.683967 0.1170 0 0 0  919.283  4.739  382
Element: 1031 0.2 2.5 0.0 0.00050 1675M0 -1000 150 -578.347519 0.1170 0 0 0  923.535  4.761  383
Element: 1032 0.2 2.5 0.0 0.00050 1660M0 -1000 150 -577.176094 0.1170 0 0 0  927.788  4.785  384
Element: 1033 0.2 2.5 0.0 0.00050 1676M0 -1000 150 -579.670492 0.1170 0 0 0  932.043  4.810  385
Element: 1034 0.2 2.5 0.0 0.00050 1661M0 -1000 150 -571.605707 0.1170 0 0 0  936.297  4.832  386
Element: 1035 0.2 2.5 0.0 0.00050 1677M0 -1000 150 -577.897054 0.1170 0 0 0  940.553  4.855  387
Element: 1036 0.2 2.5 0.0 0.00050 1662M0 -1000 150 -571.223982 0.1170 0 0 0  944.869  4.764  388
Element: 1037 0.2 2.5 0.0 0.00050 1678M0 -1000 150 -579.400518 0.1170 0 0 0  949.069  4.671  389
Element: 1038 0.2 2.5 0.0 0.00050 1663M0 -1000 150 -570.789626 0.1170 0 0 0  953.328  4.694  390
Element: 1039 0.2 2.5 0.0 0.00050 1679M0 -1000 150 -575.092156 0.1170 0 0 0  957.587  4.717  391
Element: 1040 0.2 2.5 0.0 0.00050 1664M0 -1000 150 -577.950936 0.1170 0 0 0  961.847  4.739  392
Element: 1041 0.2 2.5 0.0 0.00050 1680M0 -1000 150 -572.190035 0.1170 0 0 0  966.108  4.762  393
Element: 1042 0.2 2.5 0.0 0.00050 1665M0 -1000 150 -575.276460 0.1170 0 0 0  970.370  4.784  394
Element: 1043 0.2 2.5 0.0 0.00050 1681M0 -1000 150 -567.214809 0.1170 0 0 0  974.632  4.807  395
Element: 1044 0.2 2.5 0.0 0.00050 1666M0 -1000 150 -580.352215 0.1170 0 0 0  978.894  4.830  396
Element: 1045 0.2 2.5 0.0 0.00050 1682M0 -1000 150 -571.218347 0.1170 0 0 0  983.157  4.851  397
Element: 1046 0.2 2.5 0.0 0.00050 1667M0 -1000 150 -574.566613 0.1170 0 0 0  987.420  4.874  398
Element: 1047 0.2 2.5 0.0 0.00050 1683M0 -1000 150 -573.395195 0.1170 0 0 0  991.684  4.898  399
Element: 1048 0.2 2.5 0.0 0.00050 1668M0 -1000 150 -577.810645 0.1170 0 0 0  996.007  4.802  400
Element: 1049 0.2 2.5 0.0 0.00050 1684M0 -1000 150 -564.842243 0.1170 0 0 0 1000.211  4.704  401
Element: 1050 0.2 2.5 0.0 0.00050 1669M0 -1000 150 -573.332333 0.1170 0 0 0 1004.474  4.726  402
Element: 1051 0.2 2.5 0.0 0.00050 1685M0 -1000 150 -568.271966 0.1170 0 0 0 1008.739  4.747  403
Element: 1052 0.2 2.5 0.0 0.00050 1670M0 -1000 150 -570.431733 0.1170 0 0 0 1013.002  4.770  404
Element: 1053 0.2 2.5 0.0 0.00050 1686M0 -1000 150 -562.408471 0.1170 0 0 0 1017.267  4.792  405
Element: 1054 0.2 2.5 0.0 0.00050 1671M0 -1000 150 -567.482854 0.1170 0 0 0 1021.530  4.814  406
Element: 1055 0.2 2.5 0.0 0.00050 1687M0 -1000 150 -562.810446 0.1170 0 0 0 1025.793  4.835  407
##
## G 256 - 288  Section QR
##
Element: 1056 0.2 2.5 0.0 0.00050 1688M0 -1000 150 -562.476116 0.1170 0 0 0  1030.056  4.858  408
Element: 1057 0.2 2.5 0.0 0.00050 1704M0 -1000 150 -579.688796 0.1170 0 0 0  1034.319  4.879  409
Element: 1058 0.2 2.5 0.0 0.00050 1689M0 -1000 150 -574.316523 0.1170 0 0 0  1038.582  4.901  410
Element: 1059 0.2 2.5 0.0 0.00050 1705M0 -1000 150 -559.963982 0.1170 0 0 0  1042.844  4.924  411
Element: 1060 0.2 2.5 0.0 0.00050 1690M0 -1000 150 -574.057865 0.1170 0 0 0  1047.166  4.822  412
Element: 1061 0.2 2.5 0.0 0.00050 1706M0 -1000 150 -563.204810 0.1170 0 0 0  1051.366  4.721  413
Element: 1062 0.2 2.5 0.0 0.00050 1691M0 -1000 150 -565.678458 0.1170 0 0 0  1055.627  4.743  414
Element: 1063 0.2 2.5 0.0 0.00050 1707M0 -1000 150 -563.721749 0.1170 0 0 0  1059.886  4.763  415
Element: 1064 0.2 2.5 0.0 0.00050 1692M0 -1000 150 -570.728086 0.1170 0 0 0  1064.146  4.783  416
Element: 1065 0.2 2.5 0.0 0.00050 1708M0 -1000 150 -562.702419 0.1170 0 0 0  1068.405  4.805  417
Element: 1066 0.2 2.5 0.0 0.00050 1693M0 -1000 150 -566.253764 0.1170 0 0 0  1072.662  4.826  418
Element: 1067 0.2 2.5 0.0 0.00050 1709M0 -1000 150 -578.367890 0.1170 0 0 0  1076.919  4.847  419
Element: 1068 0.2 2.5 0.0 0.00050 1694M0 -1000 150 -570.630817 0.1170 0 0 0  1081.175  4.868  420
Element: 1069 0.2 2.5 0.0 0.00050 1710M0 -1000 150 -579.422232 0.1170 0 0 0  1085.430  4.889  421
Element: 1070 0.2 2.5 0.0 0.00050 1695M0 -1000 150 -565.611600 0.1170 0 0 0  1089.684  4.910  422
Element: 1071 0.2 2.5 0.0 0.00050 1711M0 -1000 150 -573.605187 0.1170 0 0 0  1093.937  4.931  423
Element: 1072 0.2 2.5 0.0 0.00050 1696M0 -1000 150 -1432       0.1170 0 0 0  1098.242  4.847  424
Element: 1073 0.2 2.5 0.0 0.00050 1712M0 -1000 150 -1430       0.1170 0 0 0  1102.441  4.763  425
Element: 1074 0.2 2.5 0.0 0.00050 1697M0 -1000 150 -1431       0.1170 0 0 0  1106.690  4.783  426
Element: 1075 0.2 2.5 0.0 0.00050 1713M0 -1000 150 -1426       0.1170 0 0 0  1110.938  4.803  427
Element: 1076 0.2 2.5 0.0 0.00050 1698M0 -1000 150 -1435       0.1170 0 0 0  1115.185  4.823  428
Element: 1077 0.2 2.5 0.0 0.00050 1714M0 -1000 150 -1430       0.1170 0 0 0  1119.431  4.845  429
Element: 1078 0.2 2.5 0.0 0.00050 1699M0 -1000 150 -1430       0.1170 0 0 0  1123.674  4.865  430
Element: 1079 0.2 2.5 0.0 0.00050 1715M0 -1000 150 -1430       0.1170 0 0 0  1127.918  4.884  431
Element: 1080 0.2 2.5 0.0 0.00050 1700M0 -1000 150 -1436       0.1170 0 0 0  1132.160  4.905  432
Element: 1081 0.2 2.5 0.0 0.00050 1716M0 -1000 150 -1422       0.1170 0 0 0  1136.399  4.925  433
Element: 1082 0.2 2.5 0.0 0.00050 1701M0 -1000 150 -1429       0.1170 0 0 0  1140.637  4.946  434
Element: 1083 0.2 2.5 0.0 0.00050 1717M0 -1000 150 -1423       0.1170 0 0 0  1144.875  4.965  435
Element: 1084 0.2 2.5 0.0 0.00050 1702M0 -1000 150 -1422       0.1170 0 0 0  1149.175  4.856  436
Element: 1085 0.2 2.5 0.0 0.00050 1718M0 -1000 150 -1423       0.1170 0 0 0  1153.344  4.746  437
Element: 1086 0.2 2.5 0.0 0.00050 1703M0 -1000 150 -1428       0.1170 0 0 0  1157.576  4.767  438
Element: 1087 0.2 2.5 0.0 0.00050 1719M0 -1000 150 -1418       0.1170 0 0 0  1161.805  4.786  439
##
## G 288 - 320  Section ST
##
Element: 1088 0.2 2.5 0.0 0.00050 1720M0 -1000 150 -1418 0.1170 0 0 0  1166.033  4.805  440
Element: 1089 0.2 2.5 0.0 0.00050 1736M0 -1000 150 -1427 0.1170 0 0 0  1170.260  4.825  441
Element: 1090 0.2 2.5 0.0 0.00050 1721M0 -1000 150 -1425 0.1170 0 0 0  1174.485  4.843  442
Element: 1091 0.2 2.5 0.0 0.00050 1737M0 -1000 150 -1435 0.1170 0 0 0  1178.707  4.863  443
Element: 1092 0.2 2.5 0.0 0.00050 1722M0 -1000 150 -1430 0.1170 0 0 0  1182.927  4.883  444
Element: 1093 0.2 2.5 0.0 0.00050 1738M0 -1000 150 -1432 0.1170 0 0 0  1187.146  4.903  445
Element: 1094 0.2 2.5 0.0 0.00050 1723M0 -1000 150 -1432 0.1170 0 0 0  1191.363  4.922  446
Element: 1095 0.2 2.5 0.0 0.00050 1739M0 -1000 150 -1431 0.1170 0 0 0  1195.576  4.941  447
Element: 1096 0.2 2.5 0.0 0.00050 1724M0 -1000 150 -1426 0.1170 0 0 0  1199.844  4.850  448
Element: 1097 0.2 2.5 0.0 0.00050 1740M0 -1000 150 -1433 0.1170 0 0 0  1203.999  4.758  449
Element: 1098 0.2 2.5 0.0 0.00050 1725M0 -1000 150 -1423 0.1170 0 0 0  1208.206  4.778  450
Element: 1099 0.2 2.5 0.0 0.00050 1741M0 -1000 150 -1429 0.1170 0 0 0  1212.412  4.795  451
Element: 1100 0.2 2.5 0.0 0.00050 1726M0 -1000 150 -1422 0.1170 0 0 0  1216.616  4.815  452
Element: 1101 0.2 2.5 0.0 0.00050 1742M0 -1000 150 -1425 0.1170 0 0 0  1220.816  4.833  453
Element: 1102 0.2 2.5 0.0 0.00050 1727M0 -1000 150 -1418 0.1170 0 0 0  1225.015  4.852  454
Element: 1103 0.2 2.5 0.0 0.00050 1743M0 -1000 150 -1423 0.1170 0 0 0  1229.210  4.871  455
Element: 1104 0.2 2.5 0.0 0.00050 1728M0 -1000 150 -1422 0.1170 0 0 0  1233.404  4.887  456
Element: 1105 0.2 2.5 0.0 0.00050 1744M0 -1000 150 -1416 0.1170 0 0 0  1237.595  4.908  457
Element: 1106 0.2 2.5 0.0 0.00050 1729M0 -1000 150 -1426 0.1170 0 0 0  1241.784  4.925  458
Element: 1107 0.2 2.5 0.0 0.00050 1745M0 -1000 150 -1541 0.1170 0 0 0  1245.970  4.945  459
Element: 1108 0.2 2.5 0.0 0.00050 1730M0 -1000 150 -1431 0.1170 0 0 0  1250.209  4.849  460
Element: 1109 0.2 2.5 0.0 0.00050 1746M0 -1000 150 -1425 0.1170 0 0 0  1254.335  4.755  461
Element: 1110 0.2 2.5 0.0 0.00050 1731M0 -1000 150 -1429 0.1170 0 0 0  1258.512  4.774  462
Element: 1111 0.2 2.5 0.0 0.00050 1747M0 -1000 150 -1425 0.1170 0 0 0  1262.687  4.792  463
Element: 1112 0.2 2.5 0.0 0.00050 1732M0 -1000 150 -1431 0.1170 0 0 0  1266.860  4.809  464
Element: 1113 0.2 2.5 0.0 0.00050 1748M0 -1000 150 -1417 0.1170 0 0 0  1271.030  4.827  465
Element: 1114 0.2 2.5 0.0 0.00050 1733M0 -1000 150 -1421 0.1170 0 0 0  1275.197  4.845  466
Element: 1115 0.2 2.5 0.0 0.00050 1749M0 -1000 150 -1419 0.1170 0 0 0  1279.362  4.864  467
Element: 1116 0.2 2.5 0.0 0.00050 1734M0 -1000 150 -1416 0.1170 0 0 0  1283.523  4.882  468
Element: 1117 0.2 2.5 0.0 0.00050 1750M0 -1000 150 -1419 0.1170 0 0 0  1287.681  4.897  469
Element: 1118 0.2 2.5 0.0 0.00050 1735M0 -1000 150 -1421 0.1170 0 0 0  1291.837  4.917  470
Element: 1119 0.2 2.5 0.0 0.00050 1751M0 -1000 150 -1412 0.1170 0 0 0  1295.990  4.933  471
##
## G 320 - 352  Section UV
##
Element: 1120 0.2 2.5 0.0 0.00050 1752M0 -1000 150 -1417 0.1170 0 0 0  1300.140  4.951  472
Element: 1121 0.2 2.5 0.0 0.00050 1768M0 -1000 150 -1430 0.1170 0 0 0  1304.343  4.854  473
Element: 1122 0.2 2.5 0.0 0.00050 1753M0 -1000 150 -1422 0.1170 0 0 0  1308.429  4.756  474
Element: 1123 0.2 2.5 0.0 0.00050 1769M0 -1000 150 -1426 0.1170 0 0 0  1312.569  4.772  475
Element: 1124 0.2 2.5 0.0 0.00050 1754M0 -1000 150 -1429 0.1170 0 0 0  1316.706  4.791  476
Element: 1125 0.2 2.5 0.0 0.00050 1770M0 -1000 150 -1427 0.1170 0 0 0  1320.840  4.806  477
Element: 1126 0.2 2.5 0.0 0.00050 1755M0 -1000 150 -1427 0.1170 0 0 0  1324.972  4.824  478
Element: 1127 0.2 2.5 0.0 0.00050 1771M0 -1000 150 -1428 0.1170 0 0 0  1329.099  4.841  479
Element: 1128 0.2 2.5 0.0 0.00050 1756M0 -1000 150 -1427 0.1170 0 0 0  1333.224  4.858  480
Element: 1129 0.2 2.5 0.0 0.00050 1772M0 -1000 150 -1426 0.1170 0 0 0  1337.345  4.875  481
Element: 1130 0.2 2.5 0.0 0.00050 1757M0 -1000 150 -1419 0.1170 0 0 0  1341.464  4.892  482
Element: 1131 0.2 2.5 0.0 0.00050 1773M0 -1000 150 -1427 0.1170 0 0 0  1345.578  4.909  483
Element: 1132 0.2 2.5 0.0 0.00050 1758M0 -1000 150 -1419 0.1170 0 0 0  1349.689  4.925  484
Element: 1133 0.2 2.5 0.0 0.00050 1774M0 -1000 150 -1425 0.1170 0 0 0  1353.797  4.942  485
Element: 1134 0.2 2.5 0.0 0.00050 1759M0 -1000 150 -1421 0.1170 0 0 0  1357.961  4.839  486
Element: 1135 0.2 2.5 0.0 0.00050 1775M0 -1000 150 -1426 0.1170 0 0 0  1362.003  4.740  487
Element: 1136 0.2 2.5 0.0 0.00050 1760M0 -1000 150 -1423 0.1170 0 0 0  1366.100  4.756  488
Element: 1137 0.2 2.5 0.0 0.00050 1776M0 -1000 150 -1415 0.1170 0 0 0  1370.194  4.773  489
Element: 1138 0.2 2.5 0.0 0.00050 1761M0 -1000 150 -1400 0.1170 0 0 0  1374.285  4.788  490
Element: 1139 0.2 2.5 0.0 0.00050 1777M0 -1000 150 -1400 0.1170 0 0 0  1378.372  4.805  491
Element: 1140 0.2 2.5 0.0 0.00050 1762M0 -1000 150 -1426 0.1170 0 0 0  1382.455  4.820  492
Element: 1141 0.2 2.5 0.0 0.00050 1778M0 -1000 150 -1423 0.1170 0 0 0  1386.535  4.836  493
Element: 1142 0.2 2.5 0.0 0.00050 1763M0 -1000 150 -1421 0.1170 0 0 0  1390.612  4.853  494
Element: 1143 0.2 2.5 0.0 0.00050 1779M0 -1000 150 -1430 0.1170 0 0 0  1394.685  4.869  495
Element: 1144 0.2 2.5 0.0 0.00050 1764M0 -1000 150 -1428 0.1170 0 0 0  1398.754  4.885  496
Element: 1145 0.2 2.5 0.0 0.00050 1780M0 -1000 150 -1415 0.1170 0 0 0  1402.818  4.900  497
Element: 1146 0.2 2.5 0.0 0.00050 1765M0 -1000 150 -1423 0.1170 0 0 0  1406.880  4.917  498
Element: 1147 0.2 2.5 0.0 0.00050 1781M0 -1000 150 -1420 0.1170 0 0 0  1410.998  4.813  499
Element: 1148 0.2 2.5 0.0 0.00050 1766M0 -1000 150 -1411 0.1170 0 0 0  1414.993  4.708  500
Element: 1149 0.2 2.5 0.0 0.00050 1782M0 -1000 150 -1416 0.1170 0 0 0  1419.045  4.724  501
Element: 1150 0.2 2.5 0.0 0.00050 1767M0 -1000 150 -1422 0.1170 0 0 0  1423.091  4.740  502
Element: 1151 0.2 2.5 0.0 0.00050 1783M0 -1000 150 -1415 0.1170 0 0 0  1427.134  4.754  503
Initialise: 
#Display: 1D Nhits       32 0 32
#Display: 1D NhitsPrompt 32 0 32
#Display: 1D NhitsRand   32 0 32
#Display: 1D Hits        352 0 352
#Display: 1D HitsPrompt  352 0 352
#Display: 1D HitsRand    352 0 352
#Display: 1D EnergyOR    200 0 2.5
#Display: 1D TimeOR     2000 -1000 1000
#Display: 1D Energy 100 0 2.5   0 352
#Display: 1D Time  2000 -1000 1000  0 352
#Display: 1D Eelect   500 0 1445.0
#Display: 1D ScalerCurr 352 0 352
Display: 1D ScalerAcc  352 0 352
#Display: 1D Doubles  	352 0 352
#Display: 1D NDoubles  	32 0 32
#Display: 2D EnergyOR 100 0 2.5 -1 Hits 352 0 352 -1
#Display: 2D EnergyOR 100 0 2.5 -1 Doubles 352 0 352 -1
#Display: 2D TimeOR   200 50 167 -1 Hits 352 0 352 -1
#Display: 2D DiffTimeOR  100 -11.7 11.7 -1 Doubles 352 0 352 -1
#Display: 1D DiffTime  100 -11.7 11.7  0 352
#Display: 1D DiffTimeOR  100 -11.7 11.7
