#########################################################################
#                                                                       #
# Tagger configuration file for the February 07 beamtime                #
#                                                                       #
#########################################################################

##	#FP	Energy?	Time?	Pos?
Size:	352	0	1	1
Multi-hit: 8
##
##	Scalers	Calib	Overlap	Micro	#trig	Toff	Tres
Misc:	1	1	0	0	0	248.0	5.0
#Misc:   1   1   1   0   0   250.0   5.0
##
#Window:   95. 120. 69. 94.
#Window:   95. 120. 121. 146.
##
## G 0 - 32  Section AB
##
Element: 816 0.2 2.5 0.0 0.00050 1438M0  -1000 300 -642.744814 0.1170 0 0 0  110.710 1.990  164
Element: 800 0.2 2.5 0.0 0.00050 1432M0  -1000 300 -634.372416 0.1170 0 0 0  112.715 2.072  152
Element: 817 0.2 2.5 0.0 0.00050 1454M0  -1000 300 -643.575204 0.1170 0 0 0  114.804 2.157  165
Element: 801 0.2 2.5 0.0 0.00050 1448M0  -1000 300 -653.702997 0.1170 0 0 0  116.977 2.240  153
Element: 818 0.2 2.5 0.0 0.00050 1439M0  -1000 300 -643.163203 0.1170 0 0 0  119.233 2.327  166
Element: 802 0.2 2.5 0.0 0.00050 1433M0  -1000 300 -644.419173 0.1170 0 0 0  121.575 2.417  154
Element: 819 0.2 2.5 0.0 0.00050 1455M0  -1000 300 -653.314319 0.1170 0 0 0  124.011 2.510  167
Element: 803 0.2 2.5 0.0 0.00050 1449M0  -1000 300 -647.508334 0.1170 0 0 0  126.537 2.601  155
Element: 820 0.2 2.5 0.0 0.00050 1440M0  -1000 300 -647.061853 0.1170 0 0 0  129.151 2.690  168
Element: 804 0.2 2.5 0.0 0.00050 1434M0  -1000 300 -648.991884 0.1170 0 0 0  131.851 2.775  156
Element: 821 0.2 2.5 0.0 0.00050 1456M0  -1000 300 -632.289711 0.1170 0 0 0  134.633 2.858  169
Element: 805 0.2 2.5 0.0 0.00050 1450M0  -1000 300 -645.412770 0.1170 0 0 0  137.494 2.934  157
Element: 822 0.2 2.5 0.0 0.00050 1441M0  -1000 300 -648.683138 0.1170 0 0 0  140.430 3.008  170
Element: 806 0.2 2.5 0.0 0.00050 1435M0  -1000 300 -647.008143 0.1170 0 0 0  143.433 3.074  158
Element: 823 0.2 2.5 0.0 0.00050 1457M0  -1000 300 -631.849523 0.1170 0 0 0  146.499 3.136  171
Element: 807 0.2 2.5 0.0 0.00050 1451M0  -1000 300 -649.334481 0.1170 0 0 0  149.620 3.188  159
Element: 824 0.2 2.5 0.0 0.00050 1442M0  -1000 300 -652.885104 0.1170 0 0 0  152.790 3.235  172
Element: 808 0.2 2.5 0.0 0.00050 1436M0  -1000 300 -644.158212 0.1170 0 0 0  155.996 3.270  160
Element: 825 0.2 2.5 0.0 0.00050 1458M0  -1000 300 -647.312270 0.1170 0 0 0  159.235 3.295  173
Element: 809 0.2 2.5 0.0 0.00050 1452M0  -1000 300 -646.909851 0.1170 0 0 0  162.489 3.309  161
Element: 826 0.2 2.5 0.0 0.00050 1443M0  -1000 300 -653.750962 0.1170 0 0 0  165.761 3.311  174
Element: 810 0.2 2.5 0.0 0.00050 1437M0  -1000 300 -650.307336 0.1170 0 0 0  169.026 3.306  162
Element: 827 0.2 2.5 0.0 0.00050 1459M0  -1000 300 -648.069243 0.1170 0 0 0  172.281 3.285  175
Element: 811 0.2 2.5 0.0 0.00050 1453M0  -1000 300 -644.010290 0.1170 0 0 0  175.512 3.255  163
Element: 828 0.2 2.5 0.0 0.00050 1444M0  -1000 300 -653.996393 0.1170 0 0 0  178.709 3.218  176
Element: 829 0.2 2.5 0.0 0.00050 1460M0  -1000 300 -641.974405 0.1170 0 0 0  181.867 3.174  177
Element: 830 0.2 2.5 0.0 0.00050 1445M0  -1000 300 -646.789107 0.1170 0 0 0  184.975 3.122  178
Element: 831 0.2 2.5 0.0 0.00050 1461M0  -1000 300 -551.736000 0.1170 0 0 0  188.032 3.071  179
Element: 812 0.2 2.5 0.0 0.00050 1446M0  -1000 300 -606.891700 0.1170 0 0 0  191.035 3.017  180
Element: 813 0.2 2.5 0.0 0.00050 1462M0  -1000 300 -635.989555 0.1170 0 0 0  193.982 2.967  181
Element: 814 0.2 2.5 0.0 0.00050 1447M0  -1000 300 -643.419009 0.1170 0 0 0  196.883 2.922  182
Element: 815 0.2 2.5 0.0 0.00050 1463M0  -1000 300 -638.448623 0.1170 0 0 0  199.743 2.882  183
##
## G 32 - 64  Section CD
##
Element: 832 0.2 2.5 0.0 0.00050 1464M0  -1000 300 -654.850493 0.1170 0 0 0  202.545 2.891  184
Element: 833 0.2 2.5 0.0 0.00050 1480M0  -1000 300 -662.056109 0.1170 0 0 0  205.357 2.943  185
Element: 834 0.2 2.5 0.0 0.00050 1465M0  -1000 300 -655.489775 0.1170 0 0 0  208.156 2.982  186
Element: 835 0.2 2.5 0.0 0.00050 1481M0  -1000 300 -651.136508 0.1170 0 0 0  210.963 3.007  187
Element: 836 0.2 2.5 0.0 0.00050 1466M0  -1000 300 -653.797435 0.1170 0 0 0  213.787 3.019  188
Element: 837 0.2 2.5 0.0 0.00050 1482M0  -1000 300 -654.698085 0.1170 0 0 0  216.634 3.039  189
Element: 838 0.2 2.5 0.0 0.00050 1467M0  -1000 300 -650.823046 0.1170 0 0 0  219.534 2.988  190
Element: 839 0.2 2.5 0.0 0.00050 1483M0  -1000 300 -650.581175 0.1170 0 0 0  222.367 2.939  191
Element: 840 0.2 2.5 0.0 0.00050 1468M0  -1000 300 -654.141280 0.1170 0 0 0  225.247 2.965  192
Element: 841 0.2 2.5 0.0 0.00050 1484M0  -1000 300 -651.002356 0.1170 0 0 0  228.140 2.995  193
Element: 842 0.2 2.5 0.0 0.00050 1469M0  -1000 300 -647.691752 0.1170 0 0 0  231.044 3.022  194
Element: 843 0.2 2.5 0.0 0.00050 1485M0  -1000 300 -653.460134 0.1170 0 0 0  233.958 3.052  195
Element: 844 0.2 2.5 0.0 0.00050 1470M0  -1000 300 -643.970516 0.1170 0 0 0  236.884 3.080  196
Element: 845 0.2 2.5 0.0 0.00050 1486M0  -1000 300 -648.961231 0.1170 0 0 0  239.819 3.110  197
Element: 846 0.2 2.5 0.0 0.00050 1471M0  -1000 300 -640.139316 0.1170 0 0 0  242.767 3.138  198
Element: 847 0.2 2.5 0.0 0.00050 1487M0  -1000 300 -653.102958 0.1170 0 0 0  245.724 3.166  199
Element: 848 0.2 2.5 0.0 0.00050 1472M0  -1000 300 -642.664129 0.1170 0 0 0  248.732 3.118  200
Element: 849 0.2 2.5 0.0 0.00050 1488M0  -1000 300 -637.409710 0.1170 0 0 0  251.674 3.067  201
Element: 850 0.2 2.5 0.0 0.00050 1473M0  -1000 300 -646.243526 0.1170 0 0 0  254.666 3.097  202
Element: 851 0.2 2.5 0.0 0.00050 1489M0  -1000 300 -634.431195 0.1170 0 0 0  257.669 3.124  203
Element: 852 0.2 2.5 0.0 0.00050 1474M0  -1000 300 -649.487272 0.1170 0 0 0  260.682 3.154  204
Element: 853 0.2 2.5 0.0 0.00050 1490M0  -1000 300 -637.707969 0.1170 0 0 0  263.709 3.182  205
Element: 854 0.2 2.5 0.0 0.00050 1475M0  -1000 300 -645.240226 0.1170 0 0 0  266.748 3.209  206
Element: 855 0.2 2.5 0.0 0.00050 1491M0  -1000 300 -638.239057 0.1170 0 0 0  269.797 3.238  207
Element: 856 0.2 2.5 0.0 0.00050 1476M0  -1000 300 -643.490136 0.1170 0 0 0  272.890 3.203  208
Element: 857 0.2 2.5 0.0 0.00050 1492M0  -1000 300 -628.810999 0.1170 0 0 0  275.929 3.163  209
Element: 858 0.2 2.5 0.0 0.00050 1477M0  -1000 300 -638.133401 0.1170 0 0 0  279.013 3.192  210
Element: 859 0.2 2.5 0.0 0.00050 1493M0  -1000 300 -631.251078 0.1170 0 0 0  282.110 3.220  211
Element: 860 0.2 2.5 0.0 0.00050 1478M0  -1000 300 -626.253012 0.1170 0 0 0  285.217 3.249  212
Element: 861 0.2 2.5 0.0 0.00050 1494M0  -1000 300 -632.449915 0.1170 0 0 0  288.335 3.276  213
Element: 862 0.2 2.5 0.0 0.00050 1479M0  -1000 300 -636.628038 0.1170 0 0 0  291.468 3.307  214
Element: 863 0.2 2.5 0.0 0.00050 1495M0  -1000 300 -628.069764 0.1170 0 0 0  294.610 3.337  215
##
## G 64 - 96  Section EF
##
Element: 864 0.2 2.5 0.0 0.00050 1496M0  -1000 300 -641.713765 0.1170 0 0 0  297.764 3.365   216
Element: 865 0.2 2.5 0.0 0.00050 1512M0  -1000 300 -642.875546 0.1170 0 0 0  300.931 3.395   217
Element: 866 0.2 2.5 0.0 0.00050 1497M0  -1000 300 -643.918134 0.1170 0 0 0  304.108 3.423   218
Element: 867 0.2 2.5 0.0 0.00050 1513M0  -1000 300 -644.996037 0.1170 0 0 0  307.338 3.371   219
Element: 868 0.2 2.5 0.0 0.00050 1498M0  -1000 300 -643.562785 0.1170 0 0 0  310.499 3.317   220
Element: 869 0.2 2.5 0.0 0.00050 1514M0  -1000 300 -645.593729 0.1170 0 0 0  313.710 3.346   221
Element: 870 0.2 2.5 0.0 0.00050 1499M0  -1000 300 -643.320661 0.1170 0 0 0  316.936 3.374   222
Element: 871 0.2 2.5 0.0 0.00050 1515M0  -1000 300 -644.369025 0.1170 0 0 0  320.172 3.403   223
Element: 872 0.2 2.5 0.0 0.00050 1500M0  -1000 300 -642.074211 0.1170 0 0 0  323.420 3.433   224
Element: 873 0.2 2.5 0.0 0.00050 1516M0  -1000 300 -642.977576 0.1170 0 0 0  326.680 3.462   225
Element: 874 0.2 2.5 0.0 0.00050 1501M0  -1000 300 -633.938082 0.1170 0 0 0  329.951 3.491   226
Element: 875 0.2 2.5 0.0 0.00050 1517M0  -1000 300 -645.675523 0.1170 0 0 0  333.234 3.521   227
Element: 876 0.2 2.5 0.0 0.00050 1502M0  -1000 300 -633.460352 0.1170 0 0 0  336.564 3.480   228
Element: 877 0.2 2.5 0.0 0.00050 1518M0  -1000 300 -637.511708 0.1170 0 0 0  339.836 3.437   229
Element: 878 0.2 2.5 0.0 0.00050 1503M0  -1000 300 -633.658177 0.1170 0 0 0  343.153 3.466   230
Element: 879 0.2 2.5 0.0 0.00050 1519M0  -1000 300 -642.250012 0.1170 0 0 0  346.483 3.493   231
Element: 880 0.2 2.5 0.0 0.00050 1504M0  -1000 300 -635.646631 0.1170 0 0 0  349.824 3.526   232
Element: 881 0.2 2.5 0.0 0.00050 1520M0  -1000 300 -633.931776 0.1170 0 0 0  353.176 3.552   233
Element: 882 0.2 2.5 0.0 0.00050 1505M0  -1000 300 -636.400892 0.1170 0 0 0  356.541 3.582   234
Element: 883 0.2 2.5 0.0 0.00050 1521M0  -1000 300 -627.981831 0.1170 0 0 0  359.916 3.611   235
Element: 884 0.2 2.5 0.0 0.00050 1506M0  -1000 300 -639.731879 0.1170 0 0 0  363.303 3.641   236
Element: 885 0.2 2.5 0.0 0.00050 1522M0  -1000 300 -631.537421 0.1170 0 0 0  366.739 3.596   237
Element: 886 0.2 2.5 0.0 0.00050 1507M0  -1000 300 -634.917421 0.1170 0 0 0  370.111 3.550   238
Element: 887 0.2 2.5 0.0 0.00050 1523M0  -1000 300 -635.436626 0.1170 0 0 0  373.532 3.579   239
Element: 888 0.2 2.5 0.0 0.00050 1508M0  -1000 300 -642.084067 0.1170 0 0 0  376.965 3.608   240
Element: 889 0.2 2.5 0.0 0.00050 1524M0  -1000 300 -626.506098 0.1170 0 0 0  380.409 3.638   241
Element: 890 0.2 2.5 0.0 0.00050 1509M0  -1000 300 -625.628450 0.1170 0 0 0  383.863 3.666   242
Element: 891 0.2 2.5 0.0 0.00050 1525M0  -1000 300 -627.474697 0.1170 0 0 0  387.330 3.695   243
Element: 892 0.2 2.5 0.0 0.00050 1510M0  -1000 300 -617.793485 0.1170 0 0 0  390.807 3.725   244
Element: 893 0.2 2.5 0.0 0.00050 1526M0  -1000 300 -621.436948 0.1170 0 0 0  394.295 3.755   245
Element: 894 0.2 2.5 0.0 0.00050 1511M0  -1000 300 -623.913152 0.1170 0 0 0  397.828 3.718   246
Element: 895 0.2 2.5 0.0 0.00050 1527M0  -1000 300 -616.567540 0.1170 0 0 0  401.304 3.678   247
##
## G 96 - 128  Section GH
##
Element: 896 0.2 2.5 0.0 0.00050 1528M0  -1000 300 -627.492983 0.1170 0 0 0  404.825 3.708   248
Element: 897 0.2 2.5 0.0 0.00050 1544M0  -1000 300 -640.285403 0.1170 0 0 0  408.358 3.736   249
Element: 898 0.2 2.5 0.0 0.00050 1529M0  -1000 300 -634.702258 0.1170 0 0 0  411.901 3.766   250
Element: 899 0.2 2.5 0.0 0.00050 1545M0  -1000 300 -635.893809 0.1170 0 0 0  415.455 3.794   251
Element: 900 0.2 2.5 0.0 0.00050 1530M0  -1000 300 -638.987070 0.1170 0 0 0  419.020 3.825   252
Element: 901 0.2 2.5 0.0 0.00050 1546M0  -1000 300 -639.277306 0.1170 0 0 0  422.595 3.854   253
Element: 902 0.2 2.5 0.0 0.00050 1531M0  -1000 300 -626.588139 0.1170 0 0 0  426.181 3.884   254
Element: 903 0.2 2.5 0.0 0.00050 1547M0  -1000 300 -625.682649 0.1170 0 0 0  429.818 3.831   255
Element: 904 0.2 2.5 0.0 0.00050 1532M0  -1000 300 -625.612639 0.1170 0 0 0  433.385 3.777   256
Element: 905 0.2 2.5 0.0 0.00050 1548M0  -1000 300 -634.325417 0.1170 0 0 0  437.002 3.807   257
Element: 906 0.2 2.5 0.0 0.00050 1533M0  -1000 300 -627.335030 0.1170 0 0 0  440.630 3.836   258
Element: 907 0.2 2.5 0.0 0.00050 1549M0  -1000 300 -623.931274 0.1170 0 0 0  444.270 3.864   259
Element: 908 0.2 2.5 0.0 0.00050 1534M0  -1000 300 -620.976749 0.1170 0 0 0  447.918 3.893   260
Element: 909 0.2 2.5 0.0 0.00050 1550M0  -1000 300 -622.352114 0.1170 0 0 0  451.578 3.923   261
Element: 910 0.2 2.5 0.0 0.00050 1535M0  -1000 300 -616.795811 0.1170 0 0 0  455.247 3.951   262
Element: 911 0.2 2.5 0.0 0.00050 1551M0  -1000 300 -635.969898 0.1170 0 0 0  458.927 3.981   263
Element: 912 0.2 2.5 0.0 0.00050 1536M0  -1000 300 -632.984521 0.1170 0 0 0  462.617 4.011   264
Element: 913 0.2 2.5 0.0 0.00050 1552M0  -1000 300 -612.552598 0.1170 0 0 0  466.354 3.966   265
Element: 914 0.2 2.5 0.0 0.00050 1537M0  -1000 300 -632.807909 0.1170 0 0 0  470.027 3.920   266
Element: 915 0.2 2.5 0.0 0.00050 1553M0  -1000 300 -623.558215 0.1170 0 0 0  473.747 3.948   267
Element: 916 0.2 2.5 0.0 0.00050 1538M0  -1000 300 -632.142179 0.1170 0 0 0  477.476 3.979   268
Element: 917 0.2 2.5 0.0 0.00050 1554M0  -1000 300 -627.956917 0.1170 0 0 0  481.217 4.007   269
Element: 918 0.2 2.5 0.0 0.00050 1539M0  -1000 300 -618.589205 0.1170 0 0 0  484.966 4.037   270
Element: 919 0.2 2.5 0.0 0.00050 1555M0  -1000 300 -624.653664 0.1170 0 0 0  488.725 4.066   271
Element: 920 0.2 2.5 0.0 0.00050 1540M0  -1000 300 -636.815438 0.1170 0 0 0  492.494 4.096   272
Element: 921 0.2 2.5 0.0 0.00050 1556M0  -1000 300 -613.599282 0.1170 0 0 0  496.272 4.125   273
Element: 922 0.2 2.5 0.0 0.00050 1541M0  -1000 300 -623.480768 0.1170 0 0 0  500.059 4.154   274
Element: 923 0.2 2.5 0.0 0.00050 1557M0  -1000 300 -620.458600 0.1170 0 0 0  503.902 4.093   275
Element: 924 0.2 2.5 0.0 0.00050 1542M0  -1000 300 -623.702163 0.1170 0 0 0  507.664 4.029   276
Element: 925 0.2 2.5 0.0 0.00050 1558M0  -1000 300 -621.454977 0.1170 0 0 0  511.480 4.057   277
Element: 926 0.2 2.5 0.0 0.00050 1543M0  -1000 300 -625.293788 0.1170 0 0 0  515.304 4.086   278
Element: 927 0.2 2.5 0.0 0.00050 1559M0  -1000 300 -612.437990 0.1170 0 0 0  519.139 4.116   279
##
## G 128 - 160  Section IJ
##
Element: 928 0.2 2.5 0.0 0.00050 1560M0  -1000 300 -598.546385 0.1170 0 0 0  522.982 4.146   280
Element: 929 0.2 2.5 0.0 0.00050 1576M0  -1000 300 -607.911913 0.1170 0 0 0  526.835 4.174   281
Element: 930 0.2 2.5 0.0 0.00050 1561M0  -1000 300 -605.581760 0.1170 0 0 0  530.697 4.205   282
Element: 931 0.2 2.5 0.0 0.00050 1577M0  -1000 300 -607.890951 0.1170 0 0 0  534.567 4.233   283
Element: 932 0.2 2.5 0.0 0.00050 1562M0  -1000 300 -616.630638 0.1170 0 0 0  538.447 4.262   284
Element: 933 0.2 2.5 0.0 0.00050 1578M0  -1000 300 -608.129305 0.1170 0 0 0  542.382 4.196   285
Element: 934 0.2 2.5 0.0 0.00050 1563M0  -1000 300 -606.366624 0.1170 0 0 0  546.230 4.129   286
Element: 935 0.2 2.5 0.0 0.00050 1579M0  -1000 300 -611.961373 0.1170 0 0 0  550.136 4.157   287
Element: 936 0.2 2.5 0.0 0.00050 1564M0  -1000 300 -609.720865 0.1170 0 0 0  554.050 4.187   288
Element: 937 0.2 2.5 0.0 0.00050 1580M0  -1000 300 -608.585563 0.1170 0 0 0  557.973 4.213   289
Element: 938 0.2 2.5 0.0 0.00050 1565M0  -1000 300 -606.902123 0.1170 0 0 0  561.903 4.245   290
Element: 939 0.2 2.5 0.0 0.00050 1581M0  -1000 300 -609.347188 0.1170 0 0 0  565.842 4.271   291
Element: 940 0.2 2.5 0.0 0.00050 1566M0  -1000 300 -602.727523 0.1170 0 0 0  569.790 4.301   292
Element: 941 0.2 2.5 0.0 0.00050 1582M0  -1000 300 -606.563210 0.1170 0 0 0  573.746 4.330   293
Element: 942 0.2 2.5 0.0 0.00050 1567M0  -1000 300 -600.399281 0.1170 0 0 0  577.708 4.359   294
Element: 943 0.2 2.5 0.0 0.00050 1583M0  -1000 300 -608.729899 0.1170 0 0 0  581.680 4.388   295
Element: 944 0.2 2.5 0.0 0.00050 1568M0  -1000 300 -603.573651 0.1170 0 0 0  585.711 4.315   296
Element: 945 0.2 2.5 0.0 0.00050 1584M0  -1000 300 -599.945887 0.1170 0 0 0  589.648 4.244   297
Element: 946 0.2 2.5 0.0 0.00050 1569M0  -1000 300 -603.811922 0.1170 0 0 0  593.643 4.272   298
Element: 947 0.2 2.5 0.0 0.00050 1585M0  -1000 300 -595.338374 0.1170 0 0 0  597.647 4.300   299
Element: 948 0.2 2.5 0.0 0.00050 1570M0  -1000 300 -606.912793 0.1170 0 0 0  601.657 4.329   300
Element: 949 0.2 2.5 0.0 0.00050 1586M0  -1000 300 -602.295232 0.1170 0 0 0  605.676 4.356   301
Element: 950 0.2 2.5 0.0 0.00050 1571M0  -1000 300 -605.035118 0.1170 0 0 0  609.703 4.386   302
Element: 951 0.2 2.5 0.0 0.00050 1587M0  -1000 300 -601.035574 0.1170 0 0 0  613.736 4.414   303
Element: 952 0.2 2.5 0.0 0.00050 1572M0  -1000 300 -606.291481 0.1170 0 0 0  617.777 4.441   304
Element: 953 0.2 2.5 0.0 0.00050 1588M0  -1000 300 -596.256620 0.1170 0 0 0  621.824 4.471   305
Element: 954 0.2 2.5 0.0 0.00050 1573M0  -1000 300 -601.708000 0.1170 0 0 0  625.880 4.499   306
Element: 955 0.2 2.5 0.0 0.00050 1589M0  -1000 300 -610.706178 0.1170 0 0 0  629.996 4.423   307
Element: 956 0.2 2.5 0.0 0.00050 1574M0  -1000 300 -595.342139 0.1170 0 0 0  634.013 4.344   308
Element: 957 0.2 2.5 0.0 0.00050 1590M0  -1000 300 -590.926669 0.1170 0 0 0  638.089 4.374   309
Element: 958 0.2 2.5 0.0 0.00050 1575M0  -1000 300 -604.675653 0.1170 0 0 0  642.172 4.399   310
Element: 959 0.2 2.5 0.0 0.00050 1591M0  -1000 300 -603.237445 0.1170 0 0 0  646.263 4.428   311
##
## G 160 - 192  Section KL
##
Element: 960 0.2 2.5 0.0 0.00050 1592M0  -1000 300 -592.296108 0.1170 0 0 0  650.360 4.456   312
Element: 961 0.2 2.5 0.0 0.00050 1608M0  -1000 300 -613.113274 0.1170 0 0 0  654.464 4.485   313
Element: 962 0.2 2.5 0.0 0.00050 1593M0  -1000 300 -611.152527 0.1170 0 0 0  658.574 4.512   314
Element: 963 0.2 2.5 0.0 0.00050 1609M0  -1000 300 -612.177205 0.1170 0 0 0  662.691 4.541   315
Element: 964 0.2 2.5 0.0 0.00050 1594M0  -1000 300 -610.212320 0.1170 0 0 0  666.815 4.569   316
Element: 965 0.2 2.5 0.0 0.00050 1610M0  -1000 300 -607.484028 0.1170 0 0 0  670.945 4.596   317
Element: 966 0.2 2.5 0.0 0.00050 1595M0  -1000 300 -610.624061 0.1170 0 0 0  675.136 4.516   318
Element: 967 0.2 2.5 0.0 0.00050 1611M0  -1000 300 -612.849763 0.1170 0 0 0  679.223 4.432   319
Element: 968 0.2 2.5 0.0 0.00050 1596M0  -1000 300 -610.949079 0.1170 0 0 0  683.372 4.458   320
Element: 969 0.2 2.5 0.0 0.00050 1612M0  -1000 300 -607.671003 0.1170 0 0 0  687.528 4.487   321
Element: 970 0.2 2.5 0.0 0.00050 1597M0  -1000 300 -592.935915 0.1170 0 0 0  691.688 4.514   322
Element: 971 0.2 2.5 0.0 0.00050 1613M0  -1000 300 -612.595812 0.1170 0 0 0  695.855 4.542   323
Element: 972 0.2 2.5 0.0 0.00050 1598M0  -1000 300 -602.155777 0.1170 0 0 0  700.027 4.571   324
Element: 973 0.2 2.5 0.0 0.00050 1614M0  -1000 300 -598.057573 0.1170 0 0 0  704.205 4.596   325
Element: 974 0.2 2.5 0.0 0.00050 1599M0  -1000 300 -587.226541 0.1170 0 0 0  708.389 4.626   326
Element: 975 0.2 2.5 0.0 0.00050 1615M0  -1000 300 -599.614881 0.1170 0 0 0  712.579 4.652   327
Element: 976 0.2 2.5 0.0 0.00050 1600M0  -1000 300 -596.506641 0.1170 0 0 0  716.774 4.680   328
Element: 977 0.2 2.5 0.0 0.00050 1616M0  -1000 300 -589.348701 0.1170 0 0 0  721.024 4.609   329
Element: 978 0.2 2.5 0.0 0.00050 1601M0  -1000 300 -601.221829 0.1170 0 0 0  725.180 4.536   330
Element: 979 0.2 2.5 0.0 0.00050 1617M0  -1000 300 -585.082698 0.1170 0 0 0  729.392 4.563   331
Element: 980 0.2 2.5 0.0 0.00050 1602M0  -1000 300 -602.657660 0.1170 0 0 0  733.608 4.591   332
Element: 981 0.2 2.5 0.0 0.00050 1618M0  -1000 300 -598.797253 0.1170 0 0 0  737.830 4.618   333
Element: 982 0.2 2.5 0.0 0.00050 1603M0  -1000 300 -606.290538 0.1170 0 0 0  742.056 4.645   334
Element: 983 0.2 2.5 0.0 0.00050 1619M0  -1000 300 -609.482807 0.1170 0 0 0  746.288 4.672   335
Element: 984 0.2 2.5 0.0 0.00050 1604M0  -1000 300 -614.611992 0.1170 0 0 0  750.525 4.699   336
Element: 985 0.2 2.5 0.0 0.00050 1620M0  -1000 300 -587.074337 0.1170 0 0 0  754.766 4.725   337
Element: 986 0.2 2.5 0.0 0.00050 1605M0  -1000 300 -592.398857 0.1170 0 0 0  759.013 4.753   338
Element: 987 0.2 2.5 0.0 0.00050 1621M0  -1000 300 -590.905769 0.1170 0 0 0  763.264 4.780   339
Element: 988 0.2 2.5 0.0 0.00050 1606M0  -1000 300 -587.734209 0.1170 0 0 0  767.579 4.688   340
Element: 989 0.2 2.5 0.0 0.00050 1622M0  -1000 300 -584.969850 0.1170 0 0 0  771.779 4.593   341
Element: 990 0.2 2.5 0.0 0.00050 1607M0  -1000 300 -584.422223 0.1170 0 0 0  776.044 4.619   342
Element: 991 0.2 2.5 0.0 0.00050 1623M0  -1000 300 -578.373028 0.1170 0 0 0  780.313 4.648   343
##
## G 192 - 224  Section MN
##
Element: 992 0.2 2.5 0.0 0.00050 1624M0  -1000 300 -581.599875 0.1170 0 0 0  784.586 4.672   344
Element: 993 0.2 2.5 0.0 0.00050 1640M0  -1000 300 -592.686219 0.1170 0 0 0  788.863 4.699   345
Element: 994 0.2 2.5 0.0 0.00050 1625M0  -1000 300 -587.842369 0.1170 0 0 0  793.145 4.726   346
Element: 995 0.2 2.5 0.0 0.00050 1641M0  -1000 300 -594.324327 0.1170 0 0 0  797.431 4.753   347
Element: 996 0.2 2.5 0.0 0.00050 1626M0  -1000 300 -598.099775 0.1170 0 0 0  801.721 4.779   348
Element: 997 0.2 2.5 0.0 0.00050 1642M0  -1000 300 -595.121459 0.1170 0 0 0  806.015 4.805   349
Element: 998 0.2 2.5 0.0 0.00050 1627M0  -1000 300 -593.540892 0.1170 0 0 0  810.313 4.833   350
Element: 999 0.2 2.5 0.0 0.00050 1643M0  -1000 300 -593.403453 0.1170 0 0 0  814.614 4.859   351
Element: 1000 0.2 2.5 0.0 0.00050 1628M0 -1000 300 -595.024198 0.1170 0 0 0  818.973 4.777   352
Element: 1001 0.2 2.5 0.0 0.00050 1644M0 -1000 300 -597.720848 0.1170 0 0 0  823.228 4.697   353
Element: 1002 0.2 2.5 0.0 0.00050 1629M0 -1000 300 -591.569618 0.1170 0 0 0  827.540 4.722   354
Element: 1003 0.2 2.5 0.0 0.00050 1645M0 -1000 300 -595.635235 0.1170 0 0 0  831.857 4.747   355
Element: 1004 0.2 2.5 0.0 0.00050 1630M0 -1000 300 -587.401052 0.1170 0 0 0  836.176 4.774   356
Element: 1005 0.2 2.5 0.0 0.00050 1646M0 -1000 300 -605.743435 0.1170 0 0 0  840.498 4.800   357
Element: 1006 0.2 2.5 0.0 0.00050 1631M0 -1000 300 -603.573056 0.1170 0 0 0  844.823 4.825   358
Element: 1007 0.2 2.5 0.0 0.00050 1647M0 -1000 300 -609.932440 0.1170 0 0 0  849.153 4.851   359
Element: 1008 0.2 2.5 0.0 0.00050 1632M0 -1000 300 -598.606782 0.1170 0 0 0  853.485 4.877   360
Element: 1009 0.2 2.5 0.0 0.00050 1648M0 -1000 300 -580.270980 0.1170 0 0 0  857.820 4.903   361
Element: 1010 0.2 2.5 0.0 0.00050 1633M0 -1000 300 -598.774108 0.1170 0 0 0  862.158 4.929   362
Element: 1011 0.2 2.5 0.0 0.00050 1649M0 -1000 300 -597.995984 0.1170 0 0 0  866.499 4.955   363
Element: 1012 0.2 2.5 0.0 0.00050 1634M0 -1000 300 -607.524507 0.1170 0 0 0  870.909 4.851   364
Element: 1013 0.2 2.5 0.0 0.00050 1650M0 -1000 300 -598.196759 0.1170 0 0 0  875.190 4.745   365
Element: 1014 0.2 2.5 0.0 0.00050 1635M0 -1000 300 -587.864807 0.1170 0 0 0  879.540 4.771   366
Element: 1015 0.2 2.5 0.0 0.00050 1651M0 -1000 300 -583.376818 0.1170 0 0 0  883.892 4.795   367
Element: 1016 0.2 2.5 0.0 0.00050 1636M0 -1000 300 -601.959005 0.1170 0 0 0  888.246 4.822   368
Element: 1017 0.2 2.5 0.0 0.00050 1652M0 -1000 300 -582.244025 0.1170 0 0 0  892.603 4.846   369
Element: 1018 0.2 2.5 0.0 0.00050 1637M0 -1000 300 -583.603679 0.1170 0 0 0  896.962 4.871   370
Element: 1019 0.2 2.5 0.0 0.00050 1653M0 -1000 300 -582.187852 0.1170 0 0 0  901.325 4.897   371
Element: 1020 0.2 2.5 0.0 0.00050 1638M0 -1000 300 -580.074948 0.1170 0 0 0  905.688 4.922   372
Element: 1021 0.2 2.5 0.0 0.00050 1654M0 -1000 300 -580.741695 0.1170 0 0 0  910.055 4.946   373
Element: 1022 0.2 2.5 0.0 0.00050 1639M0 -1000 300 -584.517508 0.1170 0 0 0  914.423 4.972   374
Element: 1023 0.2 2.5 0.0 0.00050 1655M0 -1000 300 -577.804336 0.1170 0 0 0  918.794 4.997   375
##
## G 224 - 256  Section OP
##
Element: 1024 0.2 2.5 0.0 0.00050 1656M0 -1000 300 -568.896533 0.1170 0 0 0   923.233   4.888  376
Element: 1025 0.2 2.5 0.0 0.00050 1672M0 -1000 300 -579.102952 0.1170 0 0 0   927.540   4.776  377
Element: 1026 0.2 2.5 0.0 0.00050 1657M0 -1000 300 -576.272725 0.1170 0 0 0   931.916   4.800  378
Element: 1027 0.2 2.5 0.0 0.00050 1673M0 -1000 300 -577.869541 0.1170 0 0 0   936.294   4.826  379
Element: 1028 0.2 2.5 0.0 0.00050 1658M0 -1000 300 -582.240303 0.1170 0 0 0   940.674   4.849  380
Element: 1029 0.2 2.5 0.0 0.00050 1674M0 -1000 300 -581.793300 0.1170 0 0 0   945.055   4.874  381
Element: 1030 0.2 2.5 0.0 0.00050 1659M0 -1000 300 -579.683967 0.1170 0 0 0   949.438   4.898  382
Element: 1031 0.2 2.5 0.0 0.00050 1675M0 -1000 300 -578.347519 0.1170 0 0 0   953.823   4.921  383
Element: 1032 0.2 2.5 0.0 0.00050 1660M0 -1000 300 -577.176094 0.1170 0 0 0   958.209   4.946  384
Element: 1033 0.2 2.5 0.0 0.00050 1676M0 -1000 300 -579.670492 0.1170 0 0 0   962.596   4.971  385
Element: 1034 0.2 2.5 0.0 0.00050 1661M0 -1000 300 -571.605707 0.1170 0 0 0   966.984   4.995  386
Element: 1035 0.2 2.5 0.0 0.00050 1677M0 -1000 300 -577.897054 0.1170 0 0 0   971.374   5.019  387
Element: 1036 0.2 2.5 0.0 0.00050 1662M0 -1000 300 -571.223982 0.1170 0 0 0   975.825   4.924  388
Element: 1037 0.2 2.5 0.0 0.00050 1678M0 -1000 300 -579.400518 0.1170 0 0 0   980.157   4.828  389
Element: 1038 0.2 2.5 0.0 0.00050 1663M0 -1000 300 -570.789626 0.1170 0 0 0   984.551   4.851  390
Element: 1039 0.2 2.5 0.0 0.00050 1679M0 -1000 300 -575.092156 0.1170 0 0 0   988.945   4.876  391
Element: 1040 0.2 2.5 0.0 0.00050 1664M0 -1000 300 -577.950936 0.1170 0 0 0   993.340   4.899  392
Element: 1041 0.2 2.5 0.0 0.00050 1680M0 -1000 300 -572.190035 0.1170 0 0 0   997.736   4.922  393
Element: 1042 0.2 2.5 0.0 0.00050 1665M0 -1000 300 -575.276460 0.1170 0 0 0  1002.133   4.945  394
Element: 1043 0.2 2.5 0.0 0.00050 1681M0 -1000 300 -567.214809 0.1170 0 0 0  1006.531   4.969  395
Element: 1044 0.2 2.5 0.0 0.00050 1666M0 -1000 300 -580.352215 0.1170 0 0 0  1010.929   4.993  396
Element: 1045 0.2 2.5 0.0 0.00050 1682M0 -1000 300 -571.218347 0.1170 0 0 0  1015.328   5.014  397
Element: 1046 0.2 2.5 0.0 0.00050 1667M0 -1000 300 -574.566613 0.1170 0 0 0  1019.727   5.038  398
Element: 1047 0.2 2.5 0.0 0.00050 1683M0 -1000 300 -573.395195 0.1170 0 0 0  1024.128   5.063  399
Element: 1048 0.2 2.5 0.0 0.00050 1668M0 -1000 300 -577.810645 0.1170 0 0 0  1028.590   4.962  400
Element: 1049 0.2 2.5 0.0 0.00050 1684M0 -1000 300 -564.842243 0.1170 0 0 0  1032.929   4.862  401
Element: 1050 0.2 2.5 0.0 0.00050 1669M0 -1000 300 -573.332333 0.1170 0 0 0  1037.330   4.885  402
Element: 1051 0.2 2.5 0.0 0.00050 1685M0 -1000 300 -568.271966 0.1170 0 0 0  1041.732   4.907  403
Element: 1052 0.2 2.5 0.0 0.00050 1670M0 -1000 300 -570.431733 0.1170 0 0 0  1046.133   4.931  404
Element: 1053 0.2 2.5 0.0 0.00050 1686M0 -1000 300 -562.408471 0.1170 0 0 0  1050.536   4.953  405
Element: 1054 0.2 2.5 0.0 0.00050 1671M0 -1000 300 -567.482854 0.1170 0 0 0  1054.938   4.976  406
Element: 1055 0.2 2.5 0.0 0.00050 1687M0 -1000 300 -562.810446 0.1170 0 0 0  1059.339   4.998  407
##
## G 256 - 288  Section QR
##
Element: 1056 0.2 2.5 0.0 0.00050 1688M0 -1000 300 -562.476116 0.1170 0 0 0  1063.741   5.021  408
Element: 1057 0.2 2.5 0.0 0.00050 1704M0 -1000 300 -579.688796 0.1170 0 0 0  1068.143   5.044  409
Element: 1058 0.2 2.5 0.0 0.00050 1689M0 -1000 300 -574.316523 0.1170 0 0 0  1072.545   5.065  410
Element: 1059 0.2 2.5 0.0 0.00050 1705M0 -1000 300 -559.963982 0.1170 0 0 0  1076.946   5.089  411
Element: 1060 0.2 2.5 0.0 0.00050 1690M0 -1000 300 -574.057865 0.1170 0 0 0  1081.411   4.984  412
Element: 1061 0.2 2.5 0.0 0.00050 1706M0 -1000 300 -563.204810 0.1170 0 0 0  1085.749   4.880  413
Element: 1062 0.2 2.5 0.0 0.00050 1691M0 -1000 300 -565.678458 0.1170 0 0 0  1090.149   4.901  414
Element: 1063 0.2 2.5 0.0 0.00050 1707M0 -1000 300 -563.721749 0.1170 0 0 0  1094.549   4.923  415
Element: 1064 0.2 2.5 0.0 0.00050 1692M0 -1000 300 -570.728086 0.1170 0 0 0  1098.950   4.944  416
Element: 1065 0.2 2.5 0.0 0.00050 1708M0 -1000 300 -562.702419 0.1170 0 0 0  1103.349   4.967  417
Element: 1066 0.2 2.5 0.0 0.00050 1693M0 -1000 300 -566.253764 0.1170 0 0 0  1107.747   4.988  418
Element: 1067 0.2 2.5 0.0 0.00050 1709M0 -1000 300 -578.367890 0.1170 0 0 0  1112.146   5.010  419
Element: 1068 0.2 2.5 0.0 0.00050 1694M0 -1000 300 -570.630817 0.1170 0 0 0  1116.543   5.032  420
Element: 1069 0.2 2.5 0.0 0.00050 1710M0 -1000 300 -579.422232 0.1170 0 0 0  1120.940   5.054  421
Element: 1070 0.2 2.5 0.0 0.00050 1695M0 -1000 300 -565.611600 0.1170 0 0 0  1125.336   5.075  422
Element: 1071 0.2 2.5 0.0 0.00050 1711M0 -1000 300 -573.605187 0.1170 0 0 0  1129.731   5.097  423
Element: 1072 0.2 2.5 0.0 0.00050 1696M0 -1000 300 -1432       0.1170 0 0 0  1134.180   5.009  424
Element: 1073 0.2 2.5 0.0 0.00050 1712M0 -1000 300 -1430       0.1170 0 0 0  1138.519   4.924  425
Element: 1074 0.2 2.5 0.0 0.00050 1697M0 -1000 300 -1431       0.1170 0 0 0  1142.911   4.944  426
Element: 1075 0.2 2.5 0.0 0.00050 1713M0 -1000 300 -1426       0.1170 0 0 0  1147.302   4.964  427
Element: 1076 0.2 2.5 0.0 0.00050 1698M0 -1000 300 -1435       0.1170 0 0 0  1151.692   4.985  428
Element: 1077 0.2 2.5 0.0 0.00050 1714M0 -1000 300 -1430       0.1170 0 0 0  1156.081   5.008  429
Element: 1078 0.2 2.5 0.0 0.00050 1699M0 -1000 300 -1430       0.1170 0 0 0  1160.468   5.028  430
Element: 1079 0.2 2.5 0.0 0.00050 1715M0 -1000 300 -1430       0.1170 0 0 0  1164.855   5.048  431
Element: 1080 0.2 2.5 0.0 0.00050 1700M0 -1000 300 -1436       0.1170 0 0 0  1169.241   5.070  432
Element: 1081 0.2 2.5 0.0 0.00050 1716M0 -1000 300 -1422       0.1170 0 0 0  1173.624   5.091  433
Element: 1082 0.2 2.5 0.0 0.00050 1701M0 -1000 300 -1429       0.1170 0 0 0  1178.006   5.112  434
Element: 1083 0.2 2.5 0.0 0.00050 1717M0 -1000 300 -1423       0.1170 0 0 0  1182.388   5.132  435
Element: 1084 0.2 2.5 0.0 0.00050 1702M0 -1000 300 -1422       0.1170 0 0 0  1186.835   5.020  436
Element: 1085 0.2 2.5 0.0 0.00050 1718M0 -1000 300 -1423       0.1170 0 0 0  1191.146   4.906  437
Element: 1086 0.2 2.5 0.0 0.00050 1703M0 -1000 300 -1428       0.1170 0 0 0  1195.524   4.927  438
Element: 1087 0.2 2.5 0.0 0.00050 1719M0 -1000 300 -1418       0.1170 0 0 0  1199.898   4.947  439
##
## G 288 - 320  Section ST
##
Element: 1088 0.2 2.5 0.0 0.00050 1720M0 -1000 300 -1418 0.1170 0 0 0  1204.271   4.967   440
Element: 1089 0.2 2.5 0.0 0.00050 1736M0 -1000 300 -1427 0.1170 0 0 0  1208.643   4.988   441
Element: 1090 0.2 2.5 0.0 0.00050 1721M0 -1000 300 -1425 0.1170 0 0 0  1213.013   5.007   442
Element: 1091 0.2 2.5 0.0 0.00050 1737M0 -1000 300 -1435 0.1170 0 0 0  1217.382   5.027   443
Element: 1092 0.2 2.5 0.0 0.00050 1722M0 -1000 300 -1430 0.1170 0 0 0  1221.748   5.047   444
Element: 1093 0.2 2.5 0.0 0.00050 1738M0 -1000 300 -1432 0.1170 0 0 0  1226.113   5.068   445
Element: 1094 0.2 2.5 0.0 0.00050 1723M0 -1000 300 -1432 0.1170 0 0 0  1230.476   5.088   446
Element: 1095 0.2 2.5 0.0 0.00050 1739M0 -1000 300 -1431 0.1170 0 0 0  1234.836   5.107   447
Element: 1096 0.2 2.5 0.0 0.00050 1724M0 -1000 300 -1426 0.1170 0 0 0  1239.252   5.012   448
Element: 1097 0.2 2.5 0.0 0.00050 1740M0 -1000 300 -1433 0.1170 0 0 0  1243.552   4.918   449
Element: 1098 0.2 2.5 0.0 0.00050 1725M0 -1000 300 -1423 0.1170 0 0 0  1247.906   4.938   450
Element: 1099 0.2 2.5 0.0 0.00050 1741M0 -1000 300 -1429 0.1170 0 0 0  1252.259   4.956   451
Element: 1100 0.2 2.5 0.0 0.00050 1726M0 -1000 300 -1422 0.1170 0 0 0  1256.610   4.977   452
Element: 1101 0.2 2.5 0.0 0.00050 1742M0 -1000 300 -1425 0.1170 0 0 0  1260.958   4.996   453
Element: 1102 0.2 2.5 0.0 0.00050 1727M0 -1000 300 -1418 0.1170 0 0 0  1265.304   5.015   454
Element: 1103 0.2 2.5 0.0 0.00050 1743M0 -1000 300 -1423 0.1170 0 0 0  1269.648   5.035   455
Element: 1104 0.2 2.5 0.0 0.00050 1728M0 -1000 300 -1422 0.1170 0 0 0  1273.990   5.052   456
Element: 1105 0.2 2.5 0.0 0.00050 1744M0 -1000 300 -1416 0.1170 0 0 0  1278.329   5.073   457
Element: 1106 0.2 2.5 0.0 0.00050 1729M0 -1000 300 -1426 0.1170 0 0 0  1282.666   5.091   458
Element: 1107 0.2 2.5 0.0 0.00050 1745M0 -1000 300 -1541 0.1170 0 0 0  1287.000   5.111   459
Element: 1108 0.2 2.5 0.0 0.00050 1730M0 -1000 300 -1431 0.1170 0 0 0  1291.390   5.012   460
Element: 1109 0.2 2.5 0.0 0.00050 1746M0 -1000 300 -1425 0.1170 0 0 0  1295.662   4.915   461
Element: 1110 0.2 2.5 0.0 0.00050 1731M0 -1000 300 -1429 0.1170 0 0 0  1299.989   4.935   462
Element: 1111 0.2 2.5 0.0 0.00050 1747M0 -1000 300 -1425 0.1170 0 0 0  1304.313   4.952   463
Element: 1112 0.2 2.5 0.0 0.00050 1732M0 -1000 300 -1431 0.1170 0 0 0  1308.634   4.971   464
Element: 1113 0.2 2.5 0.0 0.00050 1748M0 -1000 300 -1417 0.1170 0 0 0  1312.953   4.989   465
Element: 1114 0.2 2.5 0.0 0.00050 1733M0 -1000 300 -1421 0.1170 0 0 0  1317.270   5.008   466
Element: 1115 0.2 2.5 0.0 0.00050 1749M0 -1000 300 -1419 0.1170 0 0 0  1321.584   5.027   467
Element: 1116 0.2 2.5 0.0 0.00050 1734M0 -1000 300 -1416 0.1170 0 0 0  1325.895   5.046   468
Element: 1117 0.2 2.5 0.0 0.00050 1750M0 -1000 300 -1419 0.1170 0 0 0  1330.203   5.062   469
Element: 1118 0.2 2.5 0.0 0.00050 1735M0 -1000 300 -1421 0.1170 0 0 0  1334.509   5.082   470
Element: 1119 0.2 2.5 0.0 0.00050 1751M0 -1000 300 -1412 0.1170 0 0 0  1338.812   5.098   471
##
## G 320 - 352  Section UV
##
Element: 1120 0.2 2.5 0.0 0.00050 1752M0 -1000 300 -1417 0.1170 0 0 0  1343.112   5.117   472
Element: 1121 0.2 2.5 0.0 0.00050 1768M0 -1000 300 -1430 0.1170 0 0 0  1347.468   5.017   473
Element: 1122 0.2 2.5 0.0 0.00050 1753M0 -1000 300 -1422 0.1170 0 0 0  1351.702   4.916   474
Element: 1123 0.2 2.5 0.0 0.00050 1769M0 -1000 300 -1426 0.1170 0 0 0  1355.993   4.932   475
Element: 1124 0.2 2.5 0.0 0.00050 1754M0 -1000 300 -1429 0.1170 0 0 0  1360.281   4.952   476
Element: 1125 0.2 2.5 0.0 0.00050 1770M0 -1000 300 -1427 0.1170 0 0 0  1364.566   4.968   477
Element: 1126 0.2 2.5 0.0 0.00050 1755M0 -1000 300 -1427 0.1170 0 0 0  1368.849   4.986   478
Element: 1127 0.2 2.5 0.0 0.00050 1771M0 -1000 300 -1428 0.1170 0 0 0  1373.127   5.004   479
Element: 1128 0.2 2.5 0.0 0.00050 1756M0 -1000 300 -1427 0.1170 0 0 0  1377.403   5.021   480
Element: 1129 0.2 2.5 0.0 0.00050 1772M0 -1000 300 -1426 0.1170 0 0 0  1381.676   5.038   481
Element: 1130 0.2 2.5 0.0 0.00050 1757M0 -1000 300 -1419 0.1170 0 0 0  1385.946   5.056   482
Element: 1131 0.2 2.5 0.0 0.00050 1773M0 -1000 300 -1427 0.1170 0 0 0  1390.212   5.074   483
Element: 1132 0.2 2.5 0.0 0.00050 1758M0 -1000 300 -1419 0.1170 0 0 0  1394.475   5.090   484
Element: 1133 0.2 2.5 0.0 0.00050 1774M0 -1000 300 -1425 0.1170 0 0 0  1398.735   5.108   485
Element: 1134 0.2 2.5 0.0 0.00050 1759M0 -1000 300 -1421 0.1170 0 0 0  1403.052   5.004   486
Element: 1135 0.2 2.5 0.0 0.00050 1775M0 -1000 300 -1426 0.1170 0 0 0  1407.245   4.900   487
Element: 1136 0.2 2.5 0.0 0.00050 1760M0 -1000 300 -1423 0.1170 0 0 0  1411.495   4.916   488
Element: 1137 0.2 2.5 0.0 0.00050 1776M0 -1000 300 -1415 0.1170 0 0 0  1415.741   4.933   489
Element: 1138 0.2 2.5 0.0 0.00050 1761M0 -1000 300 -1400 0.1170 0 0 0  1419.985   4.950   490
Element: 1139 0.2 2.5 0.0 0.00050 1777M0 -1000 300 -1400 0.1170 0 0 0  1424.224   4.967   491
Element: 1140 0.2 2.5 0.0 0.00050 1762M0 -1000 300 -1426 0.1170 0 0 0  1428.459   4.984   492
Element: 1141 0.2 2.5 0.0 0.00050 1778M0 -1000 300 -1423 0.1170 0 0 0  1432.693   4.999   493
Element: 1142 0.2 2.5 0.0 0.00050 1763M0 -1000 300 -1421 0.1170 0 0 0  1436.923   5.016   494
Element: 1143 0.2 2.5 0.0 0.00050 1779M0 -1000 300 -1430 0.1170 0 0 0  1441.149   5.033   495
Element: 1144 0.2 2.5 0.0 0.00050 1764M0 -1000 300 -1428 0.1170 0 0 0  1445.371   5.049   496
Element: 1145 0.2 2.5 0.0 0.00050 1780M0 -1000 300 -1415 0.1170 0 0 0  1449.589   5.065   497
Element: 1146 0.2 2.5 0.0 0.00050 1765M0 -1000 300 -1423 0.1170 0 0 0  1453.804   5.083   498
Element: 1147 0.2 2.5 0.0 0.00050 1781M0 -1000 300 -1420 0.1170 0 0 0  1458.078   4.975   499
Element: 1148 0.2 2.5 0.0 0.00050 1766M0 -1000 300 -1411 0.1170 0 0 0  1462.225   4.866   500
Element: 1149 0.2 2.5 0.0 0.00050 1782M0 -1000 300 -1416 0.1170 0 0 0  1466.430   4.883   501
Element: 1150 0.2 2.5 0.0 0.00050 1767M0 -1000 300 -1422 0.1170 0 0 0  1470.630   4.900   502
Element: 1151 0.2 2.5 0.0 0.00050 1783M0 -1000 300 -1415 0.1170 0 0 0  1474.827   4.914   503
Initialise: 
#Display: 1D Nhits       32 0 32
#Display: 1D NhitsPrompt 32 0 32
#Display: 1D NhitsRand   32 0 32
#Display: 1D Hits        352 0 352
#Display: 1D HitsPrompt  352 0 352
#Display: 1D HitsRand    352 0 352
#Display: 1D EnergyOR    200 0 2.5
#Display: 1D TimeOR     2000 -1000 1000
#Display: 1D Energy 100 0 2.5   0 352
#Display: 1D Time  2000 -1000 1000  0 352
#Display: 1D Eelect   500 0 1445.0
#Display: 1D ScalerCurr 352 0 352
Display: 1D ScalerAcc  352 0 352
#Display: 1D Doubles  	352 0 352
#Display: 1D NDoubles  	32 0 32
#Display: 2D EnergyOR 100 0 2.5 -1 Hits 352 0 352 -1
#Display: 2D EnergyOR 100 0 2.5 -1 Doubles 352 0 352 -1
#Display: 2D TimeOR   200 50 167 -1 Hits 352 0 352 -1
#Display: 2D DiffTimeOR  100 -11.7 11.7 -1 Doubles 352 0 352 -1
#Display: 1D DiffTime  100 -11.7 11.7  0 352
#Display: 1D DiffTimeOR  100 -11.7 11.7
