0.95430562
0.91717321
0.91169112
0.89600496
0.92292707
1.01255413
1.00093878
0.93595232
1.00161832
0.94279047
0.97435041
0.87575380
0.97510651
1.04061599
0.97265740
0.92318643
0.99663876
0.98079067
0.72164632
1.09665857
0.95587499
1.20256612
0.92696531
1.16341141
1.05417006
1.08836836
0.89509565
0.97959626
1.21610452
0.92086662
0.92086662
0.92086662
0.92086662
0.92086662
0.92086662
0.92086662
0.92086662
0.92086662
0.92086662
1.76385772
0.90188703
1.36069602
0.96356119
1.00887084
0.89854319
0.88224867
0.90673340
0.88385608
0.96327150
0.94173899
0.98689373
0.98225474
1.02048093
0.92114322
1.00204355
0.97856790
1.25712682
0.91118719
0.89506009
0.74100455
1.01014362
1.00997013
0.94678976
0.89564324
0.94020451
1.02946358
0.91721549
0.94375303
0.92127340
0.94060574
1.22721022
0.92634248
1.08040978
0.87223195
0.96189609
0.78390552
0.86702254
0.77130012
0.84825761
0.80878043
0.99992075
0.92162285
1.05293487
0.97957243
0.93287281
0.83782046
0.91348630
0.86154502
0.80786920
0.85534705
0.80808907
0.91498593
0.93564138
0.90715454
0.88460229
0.91463531
0.94286119
0.96782756
0.93956413
1.00730308
0.99292171
0.94728905
0.95304918
1.08615796
0.93471014
1.01759333
0.95816318
0.92226695
1.13687347
0.95426489
1.01452294
0.89617336
0.98056931
0.97702085
0.93859477
0.92435089
0.84594221
0.84188284
0.97702402
0.83017075
0.79932132
2.58268120
0.92871005
0.91257651
0.91820600
1.89675869
1.07492797
0.89609299
0.97909528
0.85988558
0.87236070
0.83930462
0.91211829
0.87707883
0.91558296
0.92223323
0.88026085
0.87622167
0.90487684
0.93823165
0.92668923
1.05046403
0.88250206
0.87909982
1.00736722
0.93534142
1.07909335
0.98686743
0.90968732
1.02388299
0.88039479
0.96013428
0.86994555
0.97563903
0.92664455
0.95438201
0.89303677
0.99876552
1.05012793
1.03736735
0.93943047
0.98786790
4.59071188
0.99319167
1.29098588
1.00122100
0.96880637
0.85810014
0.92301046
1.02833030
1.01909409
0.91911928
1.01520551
1.03152663
1.07718149
0.94232625
1.03965665
0.97995243
0.89814870
0.89036342
0.58970242
0.91889904
0.97650935
0.95550633
0.87378628
0.92129159
0.89658167
0.92385853
0.79895658
0.78477993
0.94071321
0.86451324
0.93639548
0.84753793
0.91202187
0.90661487
0.88750099
0.92666257
0.92418901
0.98094410
0.87760342
0.86054072
0.89657857
0.99430457
0.81097566
0.93247474
1.05116358
0.86846991
1.03352003
1.03324542
1.00058197
0.88711142
0.96850881
1.00802752
1.10006044
0.91818881
1.01510403
0.94079885
0.99578882
0.92549938
0.90008013
0.95505152
0.90492101
0.88433360
0.92870859
0.85869079
0.87554076
0.98016870
0.89521809
0.89745945
0.95276231
0.90230354
0.85067574
0.75711299
0.81996969
0.81086896
0.90354720
0.83151265
0.94567849
0.89197064
0.87633903
0.77555487
0.93583916
0.95274335
1.07007628
0.93300321
0.91946450
1.06541423
0.85595565
1.03823728
1.64431548
0.86323287
1.03540846
1.01167442
1.15067505
0.88030402
0.95453203
0.91408833
0.90376351
0.86904956
0.92461562
0.82713299
0.94208391
0.91784240
0.91085703
0.69467166
0.95683878
0.91321238
0.87130685
0.86457530
0.88841676
0.84645479
0.93001244
0.69390142
0.80256564
0.94318437
0.86491635
0.82725685
0.95082434
0.85463938
0.87321025
0.89966873
0.85715815
0.89762981
0.89646342
1.04479696
0.73403656
0.90943872
0.93868787
0.92143722
0.95326896
0.90711498
0.89928650
0.94963766
0.92721606
1.01951337
0.91441366
0.89824965
0.90743346
0.84760190
0.93736875
0.93771724
0.88572062
0.84627538
0.96789509
1.01546953
0.93013930
0.92265409
0.94050828
0.95399027
0.88939900
0.92725488
1.02744753
1.06609634
1.13356267
0.86344410
0.86344410
1.05128897
0.91022666
0.91022666
0.85569908
1.01478867
0.98515551
0.97512880
0.88399800
0.91449156
0.96475752
0.82890471
1.03634684
0.99679240
0.99082935
0.93620260
0.92452247
0.94077751
0.93061268
0.87093024
0.96699893
0.91402450
0.97125430
0.95621794
1.02614213
1.01022145
0.90286006
0.95287123
0.58233070
1.00733094
0.97860800
0.98316722
0.91117530
1.04215868
1.03110001
1.15160964
1.07321588
0.93431207
0.93431207
0.93431207
0.93431207
0.93431207
0.93431207
0.93431207
0.93431207
0.93431207
0.93431207
0.93431207
0.93431207
0.93431207
0.93431207
0.95726213
1.04828771
0.98444857
0.99461484
0.92316131
0.96677015
1.05444668
1.19613562
1.14206743
1.04265609
1.05973821
1.13704993
1.08012774
1.17162970
1.10515974
1.12569890
1.10398882
0.97484298
0.88078510
0.95795450
0.91001985
0.96967105
0.94328911
0.93466446
0.94489430
0.93148771
0.88838796
1.08989686
1.10540946
0.96089194
1.15498873
1.09274027
0.89398334
1.01829040
1.01829040
1.01829040
1.33546713
0.90323868
0.84451742
0.95607037
0.92857862
0.87629873
1.17760910
0.93405902
0.94071003
0.92505263
0.85079534
0.80404096
0.95673074
0.90452800
0.88694392
0.92702648
0.88485798
0.92876767
0.90437531
0.69631308
0.92687655
0.94786743
0.92527737
0.93961445
0.85721482
0.93871281
0.88660843
0.92363248
0.84966385
0.97155480
0.90740834
0.97649601
0.93042462
0.91251641
0.91859351
1.16433385
0.91043853
0.99062714
0.92851481
0.92697176
0.85127539
0.99475315
0.92586094
0.92789780
0.89807911
0.92507607
0.91132643
0.97005891
0.93597938
0.97333788
7.13820887
1.04632546
0.94759346
0.38168793
0.98896838
0.92091431
0.97739382
0.93358400
0.88777957
1.12501373
1.10393373
0.99490577
0.92479333
0.85804149
0.93259513
0.94239426
0.60890825
0.85645767
1.72269433
0.90458038
1.09929170
0.96327970
0.91913605
0.91415737
0.93108556
0.88771115
0.37578616
0.94719179
0.91835642
0.93370482
0.92766445
0.93593342
0.94915096
0.98351233
0.95654511
0.91645196
0.96936861
0.93966318
0.96597591
1.12358575
0.98420538
0.92169387
1.07252999
0.88002753
0.98154262
1.01795918
0.96557540
0.98025656
0.94683606
1.42617807
0.97594404
1.07019331
1.58968458
0.87123706
0.98521222
0.96174102
0.96872911
0.95130265
0.89969016
0.91810084
1.02113899
0.88525687
0.89061497
0.92773360
0.89100336
0.91726142
0.99388033
0.78557125
0.92149493
0.88767146
0.96449358
0.94298676
0.81550942
0.87884574
0.99244178
0.96566255
0.90975475
0.92017398
0.89434155
0.95977543
0.94824628
0.99252076
0.96561681
1.05291292
0.93606355
0.89563602
0.78104774
0.96002393
1.00850794
1.03249273
0.81112888
1.00339633
1.04273886
1.06962272
5.73092749
0.88147796
0.98982983
0.89979065
0.88157949
0.96385053
0.95918250
0.92114397
0.93378417
0.86659480
19.47984411
0.91583679
0.84294457
1.00204088
0.87143414
1.02067727
0.85529831
0.98249956
0.85905761
1.04741389
1.14102865
0.98882164
0.93923924
0.92464452
0.93671972
0.66249867
0.98660460
0.83986788
0.88422949
0.89118354
0.92176502
0.93536210
0.89773189
0.90846700
0.63982245
0.55363597
0.85297355
0.94576382
0.81228461
0.98981488
0.98223700
0.93512349
1.05283175
0.93765011
0.89083876
0.92315695
0.87317464
1.00064829
1.03464070
0.98519161
0.78939145
1.17072587
1.12264925
1.13433151
1.06741219
0.44933381
0.89436847
1.03571837
1.00359143
0.98528660
0.90038062
0.99816840
0.94515050
0.92229746
0.99043659
0.90365891
0.89882914
0.87903190
0.89573469
0.90522571
0.90307484
0.89325564
0.89807040
0.93122881
0.89269597
0.86399268
0.89447005
1.08865442
0.94674004
0.91747413
0.99204703
0.89987410
0.93979329
0.97346478
0.94856838
0.90649112
0.95063113
0.83935347
0.90925475
0.97368076
1.01351565
0.75736484
1.07872007
0.80119269
0.84079370
1.00450904
0.88480048
0.96472643
0.82060589
0.84800530
0.91721377
1.00347840
1.01112595
0.87783559
0.86740975
0.88409875
0.89031552
0.85794105
0.85380308
0.87212591
0.87172933
0.33979331
0.87676522
0.92695301
0.96724683
0.94112280
0.91735108
0.86299374
0.87339439
0.88462775
0.92409536
0.93727382
0.89843873
0.92709580
1.19693042
0.92922074
0.86682979
1.10247701
0.91491232
0.95217261
0.94921003
0.97940485
0.87985504
1.04272953
0.94763533
0.94763533
0.94763533
0.94763533
0.94763533
0.94763533
0.94763533
0.94763533
0.94763533
0.97474056
0.95351842
0.95351842
0.96132523
1.09936853
0.94362045
0.96621578
0.84794856
0.89751268
0.86176579
0.87227607
0.89902933
0.80747364
1.07614559
0.96969460
0.82099994
0.84172058
0.90273892
0.86101918
0.91132607
0.89753005
0.90303787
0.95545019
0.92435498
0.93512643
0.92429006
0.84158011
0.78685312
0.86144916
0.90990578
