#########################################################################
#                                                                       #
# Tagger configuration file for the April 13 beamtime                   #
#                                                                       #
#########################################################################

##	#FP	Energy?	Time?	Pos?
Size:	352	0	1	1
Multi-hit: 8
##
##	Scalers	Calib	Overlap	Micro	#trig	Toff	Tres
Misc:	1	1	0	0	0	132.0	5.0
#Misc:   1   1   1   0   0   250.0   5.0
##
#Window:   95. 120. 69. 94.
#Window:   95. 120. 121. 146.
##
## G 0 - 32  Section AB
##
##
##  Section 0 - 32
##
Element: 816 0.2 2.5 0.0 0.00050 1438M0 -1000.0 300.0 -2000.0 0.1170 0 0 0 110.469 1.985 412
Element: 800 0.2 2.5 0.0 0.00050 1432M0 -1000.0 300.0 -2000.0 0.1170 0 0 0 112.470 2.068 400
Element: 817 0.2 2.5 0.0 0.00050 1454M0 -1000.0 300.0 -2000.0 0.1170 0 0 0 114.555 2.152 413
Element: 801 0.2 2.5 0.0 0.00050 1448M0 -1000.0 300.0 -2000.0 0.1170 0 0 0 116.723 2.235 401
Element: 818 0.2 2.5 0.0 0.00050 1439M0 -1000.0 300.0 -2000.0 0.1170 0 0 0 118.974 2.322 414
Element: 802 0.2 2.5 0.0 0.00050 1433M0 -1000.0 300.0 -2000.0 0.1170 0 0 0 121.311 2.412 402
Element: 819 0.2 2.5 0.0 0.00050 1455M0 -1000.0 300.0 -2000.0 0.1170 0 0 0 123.741 2.504 415
Element: 803 0.2 2.5 0.0 0.00050 1449M0 -1000.0 300.0 -2000.0 0.1170 0 0 0 126.262 2.595 403
Element: 820 0.2 2.5 0.0 0.00050 1440M0 -1000.0 300.0 -2000.0 0.1170 0 0 0 128.870 2.684 416
Element: 804 0.2 2.5 0.0 0.00050 1434M0 -1000.0 300.0 -2000.0 0.1170 0 0 0 131.564 2.769 404
Element: 821 0.2 2.5 0.0 0.00050 1456M0 -1000.0 300.0 -2000.0 0.1170 0 0 0 134.340 2.852 417
Element: 805 0.2 2.5 0.0 0.00050 1450M0 -1000.0 300.0 -2000.0 0.1170 0 0 0 137.195 2.928 405
Element: 822 0.2 2.5 0.0 0.00050 1441M0 -1000.0 300.0 -2000.0 0.1170 0 0 0 140.124 3.001 418
Element: 806 0.2 2.5 0.0 0.00050 1435M0 -1000.0 300.0 -2000.0 0.1170 0 0 0 143.121 3.068 406
Element: 823 0.2 2.5 0.0 0.00050 1457M0 -1000.0 300.0 -2000.0 0.1170 0 0 0 146.180 3.129 419
Element: 807 0.2 2.5 0.0 0.00050 1451M0 -1000.0 300.0 -2000.0 0.1170 0 0 0 149.294 3.181 407
Element: 824 0.2 2.5 0.0 0.00050 1442M0 -1000.0 300.0 -2000.0 0.1170 0 0 0 152.457 3.228 420
Element: 808 0.2 2.5 0.0 0.00050 1436M0 -1000.0 300.0 -2000.0 0.1170 0 0 0 155.656 3.262 408
Element: 825 0.2 2.5 0.0 0.00050 1458M0 -1000.0 300.0 -2000.0 0.1170 0 0 0 158.887 3.288 421
Element: 809 0.2 2.5 0.0 0.00050 1452M0 -1000.0 300.0 -2000.0 0.1170 0 0 0 162.137 3.307 409
Element: 826 0.2 2.5 0.0 0.00050 1443M0 -1000.0 300.0 -2000.0 0.1170 0 0 0 165.398 3.307 422
Element: 810 0.2 2.5 0.0 0.00050 1437M0 -1000.0 300.0 -2000.0 0.1170 0 0 0 168.657 3.298 410
Element: 827 0.2 2.5 0.0 0.00050 1459M0 -1000.0 300.0 -2000.0 0.1170 0 0 0 171.905 3.278 423
Element: 811 0.2 2.5 0.0 0.00050 1453M0 -1000.0 300.0 -2000.0 0.1170 0 0 0 175.129 3.248 411
Element: 828 0.2 2.5 0.0 0.00050 1444M0 -1000.0 300.0 -2000.0 0.1170 0 0 0 178.319 3.211 424
Element: 829 0.2 2.5 0.0 0.00050 1460M0 -1000.0 300.0 -2000.0 0.1170 0 0 0 181.470 3.167 425
Element: 830 0.2 2.5 0.0 0.00050 1445M0 -1000.0 300.0 -2000.0 0.1170 0 0 0 184.572 3.115 426
Element: 831 0.2 2.5 0.0 0.00050 1461M0 -1000.0 300.0 -2000.0 0.1170 0 0 0 187.621 3.065 427
Element: 812 0.2 2.5 0.0 0.00050 1446M0 -1000.0 300.0 -2000.0 0.1170 0 0 0 190.617 3.010 428
Element: 813 0.2 2.5 0.0 0.00050 1462M0 -1000.0 300.0 -2000.0 0.1170 0 0 0 193.558 2.961 429
Element: 814 0.2 2.5 0.0 0.00050 1447M0 -1000.0 300.0 -2000.0 0.1170 0 0 0 196.453 2.916 430
Element: 815 0.2 2.5 0.0 0.00050 1463M0 -1000.0 300.0 -2000.0 0.1170 0 0 0 199.306 2.875 431
##                                                                                              
## G 32 - 63  Section CD                                                                        
##                                                                                              
Element: 832 0.2 2.5 0.0 0.00050 1464M0 -1000.0 300.0 -2000.0 0.1170 0 0 0 202.102 2.885 432
Element: 833 0.2 2.5 0.0 0.00050 1480M0 -1000.0 300.0 -2000.0 0.1170 0 0 0 204.908 2.936 433
Element: 834 0.2 2.5 0.0 0.00050 1465M0 -1000.0 300.0 -2000.0 0.1170 0 0 0 207.701 2.975 434
Element: 835 0.2 2.5 0.0 0.00050 1481M0 -1000.0 300.0 -2000.0 0.1170 0 0 0 210.501 3.000 435
Element: 836 0.2 2.5 0.0 0.00050 1466M0 -1000.0 300.0 -2000.0 0.1170 0 0 0 213.320 3.013 436
Element: 837 0.2 2.5 0.0 0.00050 1482M0 -1000.0 300.0 -2000.0 0.1170 0 0 0 216.160 3.032 437
Element: 838 0.2 2.5 0.0 0.00050 1467M0 -1000.0 300.0 -2000.0 0.1170 0 0 0 219.053 2.981 438
Element: 839 0.2 2.5 0.0 0.00050 1483M0 -1000.0 300.0 -2000.0 0.1170 0 0 0 221.880 2.933 439
Element: 840 0.2 2.5 0.0 0.00050 1468M0 -1000.0 300.0 -2000.0 0.1170 0 0 0 224.754 2.958 440
Element: 841 0.2 2.5 0.0 0.00050 1484M0 -1000.0 300.0 -2000.0 0.1170 0 0 0 227.641 2.988 441
Element: 842 0.2 2.5 0.0 0.00050 1469M0 -1000.0 300.0 -2000.0 0.1170 0 0 0 230.539 3.015 442
Element: 843 0.2 2.5 0.0 0.00050 1485M0 -1000.0 300.0 -2000.0 0.1170 0 0 0 233.446 3.046 443
Element: 844 0.2 2.5 0.0 0.00050 1470M0 -1000.0 300.0 -2000.0 0.1170 0 0 0 236.365 3.073 444
Element: 845 0.2 2.5 0.0 0.00050 1486M0 -1000.0 300.0 -2000.0 0.1170 0 0 0 239.294 3.103 445
Element: 846 0.2 2.5 0.0 0.00050 1471M0 -1000.0 300.0 -2000.0 0.1170 0 0 0 242.236 3.131 446
Element: 847 0.2 2.5 0.0 0.00050 1487M0 -1000.0 300.0 -2000.0 0.1170 0 0 0 245.186 3.159 447
Element: 848 0.2 2.5 0.0 0.00050 1472M0 -1000.0 300.0 -2000.0 0.1170 0 0 0 248.188 3.111 448
Element: 849 0.2 2.5 0.0 0.00050 1488M0 -1000.0 300.0 -2000.0 0.1170 0 0 0 251.123 3.060 449
Element: 850 0.2 2.5 0.0 0.00050 1473M0 -1000.0 300.0 -2000.0 0.1170 0 0 0 254.108 3.091 450
Element: 851 0.2 2.5 0.0 0.00050 1489M0 -1000.0 300.0 -2000.0 0.1170 0 0 0 257.104 3.117 451
Element: 852 0.2 2.5 0.0 0.00050 1474M0 -1000.0 300.0 -2000.0 0.1170 0 0 0 260.111 3.147 452
Element: 853 0.2 2.5 0.0 0.00050 1490M0 -1000.0 300.0 -2000.0 0.1170 0 0 0 263.132 3.175 453
Element: 854 0.2 2.5 0.0 0.00050 1475M0 -1000.0 300.0 -2000.0 0.1170 0 0 0 266.163 3.202 454
Element: 855 0.2 2.5 0.0 0.00050 1491M0 -1000.0 300.0 -2000.0 0.1170 0 0 0 269.206 3.231 455
Element: 856 0.2 2.5 0.0 0.00050 1476M0 -1000.0 300.0 -2000.0 0.1170 0 0 0 272.292 3.196 456
Element: 857 0.2 2.5 0.0 0.00050 1492M0 -1000.0 300.0 -2000.0 0.1170 0 0 0 275.324 3.156 457
Element: 858 0.2 2.5 0.0 0.00050 1477M0 -1000.0 300.0 -2000.0 0.1170 0 0 0 278.402 3.185 458
Element: 859 0.2 2.5 0.0 0.00050 1493M0 -1000.0 300.0 -2000.0 0.1170 0 0 0 281.491 3.213 459
Element: 860 0.2 2.5 0.0 0.00050 1478M0 -1000.0 300.0 -2000.0 0.1170 0 0 0 284.591 3.242 460
Element: 861 0.2 2.5 0.0 0.00050 1494M0 -1000.0 300.0 -2000.0 0.1170 0 0 0 287.703 3.269 461
Element: 862 0.2 2.5 0.0 0.00050 1479M0 -1000.0 300.0 -2000.0 0.1170 0 0 0 290.828 3.299 462
Element: 863 0.2 2.5 0.0 0.00050 1495M0 -1000.0 300.0 -2000.0 0.1170 0 0 0 293.964 3.330 463
##                                                                                    
## G 64 - 95  Section EF                                                              
##                                                                                    
Element: 864 0.2 2.5 0.0 0.00050 1496M0 -1000.0 300.0 -2000.0 0.1170 0 0 0 297.111 3.358 464
Element: 865 0.2 2.5 0.0 0.00050 1512M0 -1000.0 300.0 -2000.0 0.1170 0 0 0 300.271 3.387 465
Element: 866 0.2 2.5 0.0 0.00050 1497M0 -1000.0 300.0 -2000.0 0.1170 0 0 0 303.441 3.416 466
Element: 867 0.2 2.5 0.0 0.00050 1513M0 -1000.0 300.0 -2000.0 0.1170 0 0 0 306.664 3.363 467
Element: 868 0.2 2.5 0.0 0.00050 1498M0 -1000.0 300.0 -2000.0 0.1170 0 0 0 309.817 3.309 468
Element: 869 0.2 2.5 0.0 0.00050 1514M0 -1000.0 300.0 -2000.0 0.1170 0 0 0 313.022 3.338 469
Element: 870 0.2 2.5 0.0 0.00050 1499M0 -1000.0 300.0 -2000.0 0.1170 0 0 0 316.241 3.367 470
Element: 871 0.2 2.5 0.0 0.00050 1515M0 -1000.0 300.0 -2000.0 0.1170 0 0 0 319.469 3.396 471
Element: 872 0.2 2.5 0.0 0.00050 1500M0 -1000.0 300.0 -2000.0 0.1170 0 0 0 322.710 3.425 472
Element: 873 0.2 2.5 0.0 0.00050 1516M0 -1000.0 300.0 -2000.0 0.1170 0 0 0 325.963 3.454 473
Element: 874 0.2 2.5 0.0 0.00050 1501M0 -1000.0 300.0 -2000.0 0.1170 0 0 0 329.227 3.483 474
Element: 875 0.2 2.5 0.0 0.00050 1517M0 -1000.0 300.0 -2000.0 0.1170 0 0 0 332.503 3.514 475
Element: 876 0.2 2.5 0.0 0.00050 1502M0 -1000.0 300.0 -2000.0 0.1170 0 0 0 335.826 3.472 476
Element: 877 0.2 2.5 0.0 0.00050 1518M0 -1000.0 300.0 -2000.0 0.1170 0 0 0 339.090 3.429 477
Element: 878 0.2 2.5 0.0 0.00050 1503M0 -1000.0 300.0 -2000.0 0.1170 0 0 0 342.400 3.458 478
Element: 879 0.2 2.5 0.0 0.00050 1519M0 -1000.0 300.0 -2000.0 0.1170 0 0 0 345.723 3.486 479
Element: 880 0.2 2.5 0.0 0.00050 1504M0 -1000.0 300.0 -2000.0 0.1170 0 0 0 349.056 3.518 480
Element: 881 0.2 2.5 0.0 0.00050 1520M0 -1000.0 300.0 -2000.0 0.1170 0 0 0 352.401 3.544 481
Element: 882 0.2 2.5 0.0 0.00050 1505M0 -1000.0 300.0 -2000.0 0.1170 0 0 0 355.758 3.574 482
Element: 883 0.2 2.5 0.0 0.00050 1521M0 -1000.0 300.0 -2000.0 0.1170 0 0 0 359.126 3.603 483
Element: 884 0.2 2.5 0.0 0.00050 1506M0 -1000.0 300.0 -2000.0 0.1170 0 0 0 362.506 3.633 484
Element: 885 0.2 2.5 0.0 0.00050 1522M0 -1000.0 300.0 -2000.0 0.1170 0 0 0 365.933 3.588 485
Element: 886 0.2 2.5 0.0 0.00050 1507M0 -1000.0 300.0 -2000.0 0.1170 0 0 0 369.298 3.542 486
Element: 887 0.2 2.5 0.0 0.00050 1523M0 -1000.0 300.0 -2000.0 0.1170 0 0 0 372.712 3.570 487
Element: 888 0.2 2.5 0.0 0.00050 1508M0 -1000.0 300.0 -2000.0 0.1170 0 0 0 376.137 3.600 488
Element: 889 0.2 2.5 0.0 0.00050 1524M0 -1000.0 300.0 -2000.0 0.1170 0 0 0 379.573 3.630 489
Element: 890 0.2 2.5 0.0 0.00050 1509M0 -1000.0 300.0 -2000.0 0.1170 0 0 0 383.019 3.658 490
Element: 891 0.2 2.5 0.0 0.00050 1525M0 -1000.0 300.0 -2000.0 0.1170 0 0 0 386.478 3.688 491
Element: 892 0.2 2.5 0.0 0.00050 1510M0 -1000.0 300.0 -2000.0 0.1170 0 0 0 389.948 3.717 492
Element: 893 0.2 2.5 0.0 0.00050 1526M0 -1000.0 300.0 -2000.0 0.1170 0 0 0 393.428 3.746 493
Element: 894 0.2 2.5 0.0 0.00050 1511M0 -1000.0 300.0 -2000.0 0.1170 0 0 0 396.954 3.710 494
Element: 895 0.2 2.5 0.0 0.00050 1527M0 -1000.0 300.0 -2000.0 0.1170 0 0 0 400.423 3.670 495
##                                                                                    
## G 96 - 127  Section GH                                                             
##                                                                                    
Element: 896 0.2 2.5 0.0 0.00050 1528M0 -1000.0 300.0 -2000.0 0.1170 0 0 0 403.935 3.700 496
Element: 897 0.2 2.5 0.0 0.00050 1544M0 -1000.0 300.0 -2000.0 0.1170 0 0 0 407.460 3.728 497
Element: 898 0.2 2.5 0.0 0.00050 1529M0 -1000.0 300.0 -2000.0 0.1170 0 0 0 410.995 3.757 498
Element: 899 0.2 2.5 0.0 0.00050 1545M0 -1000.0 300.0 -2000.0 0.1170 0 0 0 414.542 3.786 499
Element: 900 0.2 2.5 0.0 0.00050 1530M0 -1000.0 300.0 -2000.0 0.1170 0 0 0 418.098 3.816 500
Element: 901 0.2 2.5 0.0 0.00050 1546M0 -1000.0 300.0 -2000.0 0.1170 0 0 0 421.666 3.847 501
Element: 902 0.2 2.5 0.0 0.00050 1531M0 -1000.0 300.0 -2000.0 0.1170 0 0 0 425.244 3.875 502
Element: 903 0.2 2.5 0.0 0.00050 1547M0 -1000.0 300.0 -2000.0 0.1170 0 0 0 428.874 3.822 503
Element: 904 0.2 2.5 0.0 0.00050 1532M0 -1000.0 300.0 -2000.0 0.1170 0 0 0 432.432 3.768 504
Element: 905 0.2 2.5 0.0 0.00050 1548M0 -1000.0 300.0 -2000.0 0.1170 0 0 0 436.042 3.797 505
Element: 906 0.2 2.5 0.0 0.00050 1533M0 -1000.0 300.0 -2000.0 0.1170 0 0 0 439.661 3.827 506
Element: 907 0.2 2.5 0.0 0.00050 1549M0 -1000.0 300.0 -2000.0 0.1170 0 0 0 443.293 3.856 507
Element: 908 0.2 2.5 0.0 0.00050 1534M0 -1000.0 300.0 -2000.0 0.1170 0 0 0 446.933 3.885 508
Element: 909 0.2 2.5 0.0 0.00050 1550M0 -1000.0 300.0 -2000.0 0.1170 0 0 0 450.585 3.914 509
Element: 910 0.2 2.5 0.0 0.00050 1535M0 -1000.0 300.0 -2000.0 0.1170 0 0 0 454.246 3.943 510
Element: 911 0.2 2.5 0.0 0.00050 1551M0 -1000.0 300.0 -2000.0 0.1170 0 0 0 457.918 3.972 511
Element: 912 0.2 2.5 0.0 0.00050 1536M0 -1000.0 300.0 -2000.0 0.1170 0 0 0 461.599 4.002 512
Element: 913 0.2 2.5 0.0 0.00050 1552M0 -1000.0 300.0 -2000.0 0.1170 0 0 0 465.329 3.957 513
Element: 914 0.2 2.5 0.0 0.00050 1537M0 -1000.0 300.0 -2000.0 0.1170 0 0 0 468.993 3.911 514
Element: 915 0.2 2.5 0.0 0.00050 1553M0 -1000.0 300.0 -2000.0 0.1170 0 0 0 472.705 3.939 515
Element: 916 0.2 2.5 0.0 0.00050 1538M0 -1000.0 300.0 -2000.0 0.1170 0 0 0 476.426 3.969 516
Element: 917 0.2 2.5 0.0 0.00050 1554M0 -1000.0 300.0 -2000.0 0.1170 0 0 0 480.158 3.998 517
Element: 918 0.2 2.5 0.0 0.00050 1539M0 -1000.0 300.0 -2000.0 0.1170 0 0 0 483.899 4.028 518
Element: 919 0.2 2.5 0.0 0.00050 1555M0 -1000.0 300.0 -2000.0 0.1170 0 0 0 487.650 4.057 519
Element: 920 0.2 2.5 0.0 0.00050 1540M0 -1000.0 300.0 -2000.0 0.1170 0 0 0 491.410 4.087 520
Element: 921 0.2 2.5 0.0 0.00050 1556M0 -1000.0 300.0 -2000.0 0.1170 0 0 0 495.180 4.116 521
Element: 922 0.2 2.5 0.0 0.00050 1541M0 -1000.0 300.0 -2000.0 0.1170 0 0 0 498.959 4.145 522
Element: 923 0.2 2.5 0.0 0.00050 1557M0 -1000.0 300.0 -2000.0 0.1170 0 0 0 502.793 4.084 523
Element: 924 0.2 2.5 0.0 0.00050 1542M0 -1000.0 300.0 -2000.0 0.1170 0 0 0 506.546 4.020 524
Element: 925 0.2 2.5 0.0 0.00050 1558M0 -1000.0 300.0 -2000.0 0.1170 0 0 0 510.354 4.048 525
Element: 926 0.2 2.5 0.0 0.00050 1543M0 -1000.0 300.0 -2000.0 0.1170 0 0 0 514.170 4.078 526
Element: 927 0.2 2.5 0.0 0.00050 1559M0 -1000.0 300.0 -2000.0 0.1170 0 0 0 517.997 4.107 527
##                                                                                    
## G 128 - 159  Section IJ                                                            
##                                                                                    
Element: 928 0.2 2.5 0.0 0.00050 1560M0 -1000.0 300.0 -2000.0 0.1170 0 0 0 521.831 4.136 528
Element: 929 0.2 2.5 0.0 0.00050 1576M0 -1000.0 300.0 -2000.0 0.1170 0 0 0 525.675 4.165 529
Element: 930 0.2 2.5 0.0 0.00050 1561M0 -1000.0 300.0 -2000.0 0.1170 0 0 0 529.528 4.196 530
Element: 931 0.2 2.5 0.0 0.00050 1577M0 -1000.0 300.0 -2000.0 0.1170 0 0 0 533.390 4.223 531
Element: 932 0.2 2.5 0.0 0.00050 1562M0 -1000.0 300.0 -2000.0 0.1170 0 0 0 537.262 4.253 532
Element: 933 0.2 2.5 0.0 0.00050 1578M0 -1000.0 300.0 -2000.0 0.1170 0 0 0 541.188 4.186 533
Element: 934 0.2 2.5 0.0 0.00050 1563M0 -1000.0 300.0 -2000.0 0.1170 0 0 0 545.028 4.120 534
Element: 935 0.2 2.5 0.0 0.00050 1579M0 -1000.0 300.0 -2000.0 0.1170 0 0 0 548.925 4.148 535
Element: 936 0.2 2.5 0.0 0.00050 1564M0 -1000.0 300.0 -2000.0 0.1170 0 0 0 552.830 4.177 536
Element: 937 0.2 2.5 0.0 0.00050 1580M0 -1000.0 300.0 -2000.0 0.1170 0 0 0 556.744 4.205 537
Element: 938 0.2 2.5 0.0 0.00050 1565M0 -1000.0 300.0 -2000.0 0.1170 0 0 0 560.666 4.234 538
Element: 939 0.2 2.5 0.0 0.00050 1581M0 -1000.0 300.0 -2000.0 0.1170 0 0 0 564.596 4.262 539
Element: 940 0.2 2.5 0.0 0.00050 1566M0 -1000.0 300.0 -2000.0 0.1170 0 0 0 568.535 4.291 540
Element: 941 0.2 2.5 0.0 0.00050 1582M0 -1000.0 300.0 -2000.0 0.1170 0 0 0 572.482 4.320 541
Element: 942 0.2 2.5 0.0 0.00050 1567M0 -1000.0 300.0 -2000.0 0.1170 0 0 0 576.436 4.349 542
Element: 943 0.2 2.5 0.0 0.00050 1583M0 -1000.0 300.0 -2000.0 0.1170 0 0 0 580.399 4.378 543
Element: 944 0.2 2.5 0.0 0.00050 1568M0 -1000.0 300.0 -2000.0 0.1170 0 0 0 584.421 4.306 544
Element: 945 0.2 2.5 0.0 0.00050 1584M0 -1000.0 300.0 -2000.0 0.1170 0 0 0 588.349 4.234 545
Element: 946 0.2 2.5 0.0 0.00050 1569M0 -1000.0 300.0 -2000.0 0.1170 0 0 0 592.336 4.262 546
Element: 947 0.2 2.5 0.0 0.00050 1585M0 -1000.0 300.0 -2000.0 0.1170 0 0 0 596.330 4.290 547
Element: 948 0.2 2.5 0.0 0.00050 1570M0 -1000.0 300.0 -2000.0 0.1170 0 0 0 600.332 4.320 548
Element: 949 0.2 2.5 0.0 0.00050 1586M0 -1000.0 300.0 -2000.0 0.1170 0 0 0 604.342 4.346 549
Element: 950 0.2 2.5 0.0 0.00050 1571M0 -1000.0 300.0 -2000.0 0.1170 0 0 0 608.359 4.375 550
Element: 951 0.2 2.5 0.0 0.00050 1587M0 -1000.0 300.0 -2000.0 0.1170 0 0 0 612.384 4.404 551
Element: 952 0.2 2.5 0.0 0.00050 1572M0 -1000.0 300.0 -2000.0 0.1170 0 0 0 616.415 4.432 552
Element: 953 0.2 2.5 0.0 0.00050 1588M0 -1000.0 300.0 -2000.0 0.1170 0 0 0 620.454 4.461 553
Element: 954 0.2 2.5 0.0 0.00050 1573M0 -1000.0 300.0 -2000.0 0.1170 0 0 0 624.501 4.489 554
Element: 955 0.2 2.5 0.0 0.00050 1589M0 -1000.0 300.0 -2000.0 0.1170 0 0 0 628.607 4.413 555
Element: 956 0.2 2.5 0.0 0.00050 1574M0 -1000.0 300.0 -2000.0 0.1170 0 0 0 632.615 4.334 556
Element: 957 0.2 2.5 0.0 0.00050 1590M0 -1000.0 300.0 -2000.0 0.1170 0 0 0 636.683 4.364 557
Element: 958 0.2 2.5 0.0 0.00050 1575M0 -1000.0 300.0 -2000.0 0.1170 0 0 0 640.757 4.389 558
Element: 959 0.2 2.5 0.0 0.00050 1591M0 -1000.0 300.0 -2000.0 0.1170 0 0 0 644.839 4.419 559
##                                                                                    
## G 160 - 191  Section KL                                                            
##                                                                                    
Element: 960 0.2 2.5 0.0 0.00050 1592M0 -1000.0 300.0 -2000.0 0.1170 0 0 0 648.927 4.446 560
Element: 961 0.2 2.5 0.0 0.00050 1608M0 -1000.0 300.0 -2000.0 0.1170 0 0 0 653.022 4.475 561
Element: 962 0.2 2.5 0.0 0.00050 1593M0 -1000.0 300.0 -2000.0 0.1170 0 0 0 657.123 4.503 562
Element: 963 0.2 2.5 0.0 0.00050 1609M0 -1000.0 300.0 -2000.0 0.1170 0 0 0 661.231 4.531 563
Element: 964 0.2 2.5 0.0 0.00050 1594M0 -1000.0 300.0 -2000.0 0.1170 0 0 0 665.345 4.559 564
Element: 965 0.2 2.5 0.0 0.00050 1610M0 -1000.0 300.0 -2000.0 0.1170 0 0 0 669.466 4.586 565
Element: 966 0.2 2.5 0.0 0.00050 1595M0 -1000.0 300.0 -2000.0 0.1170 0 0 0 673.648 4.506 566
Element: 967 0.2 2.5 0.0 0.00050 1611M0 -1000.0 300.0 -2000.0 0.1170 0 0 0 677.726 4.422 567
Element: 968 0.2 2.5 0.0 0.00050 1596M0 -1000.0 300.0 -2000.0 0.1170 0 0 0 681.866 4.448 568
Element: 969 0.2 2.5 0.0 0.00050 1612M0 -1000.0 300.0 -2000.0 0.1170 0 0 0 686.012 4.477 569
Element: 970 0.2 2.5 0.0 0.00050 1597M0 -1000.0 300.0 -2000.0 0.1170 0 0 0 690.164 4.504 570
Element: 971 0.2 2.5 0.0 0.00050 1613M0 -1000.0 300.0 -2000.0 0.1170 0 0 0 694.321 4.532 571
Element: 972 0.2 2.5 0.0 0.00050 1598M0 -1000.0 300.0 -2000.0 0.1170 0 0 0 698.484 4.560 572
Element: 973 0.2 2.5 0.0 0.00050 1614M0 -1000.0 300.0 -2000.0 0.1170 0 0 0 702.653 4.586 573
Element: 974 0.2 2.5 0.0 0.00050 1599M0 -1000.0 300.0 -2000.0 0.1170 0 0 0 706.828 4.615 574
Element: 975 0.2 2.5 0.0 0.00050 1615M0 -1000.0 300.0 -2000.0 0.1170 0 0 0 711.008 4.642 575
Element: 976 0.2 2.5 0.0 0.00050 1600M0 -1000.0 300.0 -2000.0 0.1170 0 0 0 715.194 4.670 576
Element: 977 0.2 2.5 0.0 0.00050 1616M0 -1000.0 300.0 -2000.0 0.1170 0 0 0 719.434 4.600 577
Element: 978 0.2 2.5 0.0 0.00050 1601M0 -1000.0 300.0 -2000.0 0.1170 0 0 0 723.581 4.526 578
Element: 979 0.2 2.5 0.0 0.00050 1617M0 -1000.0 300.0 -2000.0 0.1170 0 0 0 727.783 4.553 579
Element: 980 0.2 2.5 0.0 0.00050 1602M0 -1000.0 300.0 -2000.0 0.1170 0 0 0 731.990 4.580 580
Element: 981 0.2 2.5 0.0 0.00050 1618M0 -1000.0 300.0 -2000.0 0.1170 0 0 0 736.202 4.607 581
Element: 982 0.2 2.5 0.0 0.00050 1603M0 -1000.0 300.0 -2000.0 0.1170 0 0 0 740.419 4.634 582
Element: 983 0.2 2.5 0.0 0.00050 1619M0 -1000.0 300.0 -2000.0 0.1170 0 0 0 744.642 4.662 583
Element: 984 0.2 2.5 0.0 0.00050 1604M0 -1000.0 300.0 -2000.0 0.1170 0 0 0 748.869 4.689 584
Element: 985 0.2 2.5 0.0 0.00050 1620M0 -1000.0 300.0 -2000.0 0.1170 0 0 0 753.102 4.714 585
Element: 986 0.2 2.5 0.0 0.00050 1605M0 -1000.0 300.0 -2000.0 0.1170 0 0 0 757.339 4.742 586
Element: 987 0.2 2.5 0.0 0.00050 1621M0 -1000.0 300.0 -2000.0 0.1170 0 0 0 761.580 4.770 587
Element: 988 0.2 2.5 0.0 0.00050 1606M0 -1000.0 300.0 -2000.0 0.1170 0 0 0 765.886 4.678 588
Element: 989 0.2 2.5 0.0 0.00050 1622M0 -1000.0 300.0 -2000.0 0.1170 0 0 0 770.076 4.583 589
Element: 990 0.2 2.5 0.0 0.00050 1607M0 -1000.0 300.0 -2000.0 0.1170 0 0 0 774.332 4.609 590
Element: 991 0.2 2.5 0.0 0.00050 1623M0 -1000.0 300.0 -2000.0 0.1170 0 0 0 778.591 4.638 591
##                                                                                           
## G 192 - 223  Section MN                                                                   
##                                                                                           
Element: 992 0.2 2.5 0.0 0.00050 1624M0 -1000.0 300.0 -2000.0 0.1170 0 0 0  782.855 4.662 592
Element: 993 0.2 2.5 0.0 0.00050 1640M0 -1000.0 300.0 -2000.0 0.1170 0 0 0  787.123 4.690 593
Element: 994 0.2 2.5 0.0 0.00050 1625M0 -1000.0 300.0 -2000.0 0.1170 0 0 0  791.395 4.715 594
Element: 995 0.2 2.5 0.0 0.00050 1641M0 -1000.0 300.0 -2000.0 0.1170 0 0 0  795.672 4.742 595
Element: 996 0.2 2.5 0.0 0.00050 1626M0 -1000.0 300.0 -2000.0 0.1170 0 0 0  799.952 4.768 596
Element: 997 0.2 2.5 0.0 0.00050 1642M0 -1000.0 300.0 -2000.0 0.1170 0 0 0  804.236 4.794 597
Element: 998 0.2 2.5 0.0 0.00050 1627M0 -1000.0 300.0 -2000.0 0.1170 0 0 0  808.525 4.822 598
Element: 999 0.2 2.5 0.0 0.00050 1643M0 -1000.0 300.0 -2000.0 0.1170 0 0 0  812.816 4.848 599
Element: 1000 0.2 2.5 0.0 0.00050 1628M0 -1000.0 300.0 -2000.0 0.1170 0 0 0 817.165 4.767 600
Element: 1001 0.2 2.5 0.0 0.00050 1644M0 -1000.0 300.0 -2000.0 0.1170 0 0 0 821.411 4.686 601
Element: 1002 0.2 2.5 0.0 0.00050 1629M0 -1000.0 300.0 -2000.0 0.1170 0 0 0 825.714 4.712 602
Element: 1003 0.2 2.5 0.0 0.00050 1645M0 -1000.0 300.0 -2000.0 0.1170 0 0 0 830.021 4.737 603
Element: 1004 0.2 2.5 0.0 0.00050 1630M0 -1000.0 300.0 -2000.0 0.1170 0 0 0 834.330 4.763 604
Element: 1005 0.2 2.5 0.0 0.00050 1646M0 -1000.0 300.0 -2000.0 0.1170 0 0 0 838.643 4.789 605
Element: 1006 0.2 2.5 0.0 0.00050 1631M0 -1000.0 300.0 -2000.0 0.1170 0 0 0 842.959 4.814 606
Element: 1007 0.2 2.5 0.0 0.00050 1647M0 -1000.0 300.0 -2000.0 0.1170 0 0 0 847.279 4.841 607
Element: 1008 0.2 2.5 0.0 0.00050 1632M0 -1000.0 300.0 -2000.0 0.1170 0 0 0 851.601 4.866 608
Element: 1009 0.2 2.5 0.0 0.00050 1648M0 -1000.0 300.0 -2000.0 0.1170 0 0 0 855.927 4.892 609
Element: 1010 0.2 2.5 0.0 0.00050 1633M0 -1000.0 300.0 -2000.0 0.1170 0 0 0 860.255 4.918 610
Element: 1011 0.2 2.5 0.0 0.00050 1649M0 -1000.0 300.0 -2000.0 0.1170 0 0 0 864.587 4.945 611
Element: 1012 0.2 2.5 0.0 0.00050 1634M0 -1000.0 300.0 -2000.0 0.1170 0 0 0 868.986 4.841 612
Element: 1013 0.2 2.5 0.0 0.00050 1650M0 -1000.0 300.0 -2000.0 0.1170 0 0 0 873.259 4.735 613
Element: 1014 0.2 2.5 0.0 0.00050 1635M0 -1000.0 300.0 -2000.0 0.1170 0 0 0 877.598 4.760 614
Element: 1015 0.2 2.5 0.0 0.00050 1651M0 -1000.0 300.0 -2000.0 0.1170 0 0 0 881.941 4.785 615
Element: 1016 0.2 2.5 0.0 0.00050 1636M0 -1000.0 300.0 -2000.0 0.1170 0 0 0 886.286 4.811 616
Element: 1017 0.2 2.5 0.0 0.00050 1652M0 -1000.0 300.0 -2000.0 0.1170 0 0 0 890.632 4.836 617
Element: 1018 0.2 2.5 0.0 0.00050 1637M0 -1000.0 300.0 -2000.0 0.1170 0 0 0 894.982 4.860 618
Element: 1019 0.2 2.5 0.0 0.00050 1653M0 -1000.0 300.0 -2000.0 0.1170 0 0 0 899.334 4.885 619
Element: 1020 0.2 2.5 0.0 0.00050 1638M0 -1000.0 300.0 -2000.0 0.1170 0 0 0 903.689 4.910 620
Element: 1021 0.2 2.5 0.0 0.00050 1654M0 -1000.0 300.0 -2000.0 0.1170 0 0 0 908.046 4.935 621
Element: 1022 0.2 2.5 0.0 0.00050 1639M0 -1000.0 300.0 -2000.0 0.1170 0 0 0 912.404 4.961 622
Element: 1023 0.2 2.5 0.0 0.00050 1655M0 -1000.0 300.0 -2000.0 0.1170 0 0 0 916.765 4.986 623
##                                                                                     
## G 224 - 255  Section OP                                                             
##                                                                                     
Element: 1024 0.2 2.5 0.0 0.00050 1656M0 -1000.0 300.0 -2000.0 0.1170 0 0 0  921.195 4.877 624
Element: 1025 0.2 2.5 0.0 0.00050 1672M0 -1000.0 300.0 -2000.0 0.1170 0 0 0  925.492 4.765 625
Element: 1026 0.2 2.5 0.0 0.00050 1657M0 -1000.0 300.0 -2000.0 0.1170 0 0 0  929.858 4.790 626
Element: 1027 0.2 2.5 0.0 0.00050 1673M0 -1000.0 300.0 -2000.0 0.1170 0 0 0  934.227 4.815 627
Element: 1028 0.2 2.5 0.0 0.00050 1658M0 -1000.0 300.0 -2000.0 0.1170 0 0 0  938.597 4.838 628
Element: 1029 0.2 2.5 0.0 0.00050 1674M0 -1000.0 300.0 -2000.0 0.1170 0 0 0  942.968 4.863 629
Element: 1030 0.2 2.5 0.0 0.00050 1659M0 -1000.0 300.0 -2000.0 0.1170 0 0 0  947.341 4.887 630
Element: 1031 0.2 2.5 0.0 0.00050 1675M0 -1000.0 300.0 -2000.0 0.1170 0 0 0  951.717 4.911 631
Element: 1032 0.2 2.5 0.0 0.00050 1660M0 -1000.0 300.0 -2000.0 0.1170 0 0 0  956.093 4.935 632
Element: 1033 0.2 2.5 0.0 0.00050 1676M0 -1000.0 300.0 -2000.0 0.1170 0 0 0  960.470 4.960 633
Element: 1034 0.2 2.5 0.0 0.00050 1661M0 -1000.0 300.0 -2000.0 0.1170 0 0 0  964.849 4.984 634
Element: 1035 0.2 2.5 0.0 0.00050 1677M0 -1000.0 300.0 -2000.0 0.1170 0 0 0  969.229 5.008 635
Element: 1036 0.2 2.5 0.0 0.00050 1662M0 -1000.0 300.0 -2000.0 0.1170 0 0 0  973.670 4.914 636
Element: 1037 0.2 2.5 0.0 0.00050 1678M0 -1000.0 300.0 -2000.0 0.1170 0 0 0  977.992 4.817 637
Element: 1038 0.2 2.5 0.0 0.00050 1663M0 -1000.0 300.0 -2000.0 0.1170 0 0 0  982.376 4.841 638
Element: 1039 0.2 2.5 0.0 0.00050 1679M0 -1000.0 300.0 -2000.0 0.1170 0 0 0  986.761 4.865 639
Element: 1040 0.2 2.5 0.0 0.00050 1664M0 -1000.0 300.0 -2000.0 0.1170 0 0 0  991.146 4.888 640
Element: 1041 0.2 2.5 0.0 0.00050 1680M0 -1000.0 300.0 -2000.0 0.1170 0 0 0  995.532 4.912 641
Element: 1042 0.2 2.5 0.0 0.00050 1665M0 -1000.0 300.0 -2000.0 0.1170 0 0 0  999.920 4.934 642
Element: 1043 0.2 2.5 0.0 0.00050 1681M0 -1000.0 300.0 -2000.0 0.1170 0 0 0 1004.307 4.958 643
Element: 1044 0.2 2.5 0.0 0.00050 1666M0 -1000.0 300.0 -2000.0 0.1170 0 0 0 1008.695 4.981 644
Element: 1045 0.2 2.5 0.0 0.00050 1682M0 -1000.0 300.0 -2000.0 0.1170 0 0 0 1013.085 5.005 645
Element: 1046 0.2 2.5 0.0 0.00050 1667M0 -1000.0 300.0 -2000.0 0.1170 0 0 0 1017.474 5.028 646
Element: 1047 0.2 2.5 0.0 0.00050 1683M0 -1000.0 300.0 -2000.0 0.1170 0 0 0 1021.865 5.052 647
Element: 1048 0.2 2.5 0.0 0.00050 1668M0 -1000.0 300.0 -2000.0 0.1170 0 0 0 1026.317 4.951 648
Element: 1049 0.2 2.5 0.0 0.00050 1684M0 -1000.0 300.0 -2000.0 0.1170 0 0 0 1030.647 4.852 649
Element: 1050 0.2 2.5 0.0 0.00050 1669M0 -1000.0 300.0 -2000.0 0.1170 0 0 0 1035.038 4.875 650
Element: 1051 0.2 2.5 0.0 0.00050 1685M0 -1000.0 300.0 -2000.0 0.1170 0 0 0 1039.430 4.896 651
Element: 1052 0.2 2.5 0.0 0.00050 1670M0 -1000.0 300.0 -2000.0 0.1170 0 0 0 1043.822 4.920 652
Element: 1053 0.2 2.5 0.0 0.00050 1686M0 -1000.0 300.0 -2000.0 0.1170 0 0 0 1048.214 4.942 653
Element: 1054 0.2 2.5 0.0 0.00050 1671M0 -1000.0 300.0 -2000.0 0.1170 0 0 0 1052.606 4.966 654
Element: 1055 0.2 2.5 0.0 0.00050 1687M0 -1000.0 300.0 -2000.0 0.1170 0 0 0 1056.998 4.987 655
##                                                                                    
## G 256 - 287  Section QR                                                            
##                                                                                    
Element: 1056 0.2 2.5 0.0 0.00050 1688M0 -1000.0 300.0 -2000.0 0.1170 0 0 0 1061.390 5.010 656
Element: 1057 0.2 2.5 0.0 0.00050 1704M0 -1000.0 300.0 -2000.0 0.1170 0 0 0 1065.783 5.033 657
Element: 1058 0.2 2.5 0.0 0.00050 1689M0 -1000.0 300.0 -2000.0 0.1170 0 0 0 1070.175 5.055 658
Element: 1059 0.2 2.5 0.0 0.00050 1705M0 -1000.0 300.0 -2000.0 0.1170 0 0 0 1074.566 5.078 659
Element: 1060 0.2 2.5 0.0 0.00050 1690M0 -1000.0 300.0 -2000.0 0.1170 0 0 0 1079.021 4.973 660
Element: 1061 0.2 2.5 0.0 0.00050 1706M0 -1000.0 300.0 -2000.0 0.1170 0 0 0 1083.349 4.869 661
Element: 1062 0.2 2.5 0.0 0.00050 1691M0 -1000.0 300.0 -2000.0 0.1170 0 0 0 1087.740 4.891 662
Element: 1063 0.2 2.5 0.0 0.00050 1707M0 -1000.0 300.0 -2000.0 0.1170 0 0 0 1092.130 4.912 663
Element: 1064 0.2 2.5 0.0 0.00050 1692M0 -1000.0 300.0 -2000.0 0.1170 0 0 0 1096.521 4.933 664
Element: 1065 0.2 2.5 0.0 0.00050 1708M0 -1000.0 300.0 -2000.0 0.1170 0 0 0 1100.911 4.957 665
Element: 1066 0.2 2.5 0.0 0.00050 1693M0 -1000.0 300.0 -2000.0 0.1170 0 0 0 1105.299 4.977 666
Element: 1067 0.2 2.5 0.0 0.00050 1709M0 -1000.0 300.0 -2000.0 0.1170 0 0 0 1109.688 4.999 667
Element: 1068 0.2 2.5 0.0 0.00050 1694M0 -1000.0 300.0 -2000.0 0.1170 0 0 0 1114.075 5.021 668
Element: 1069 0.2 2.5 0.0 0.00050 1710M0 -1000.0 300.0 -2000.0 0.1170 0 0 0 1118.462 5.042 669
Element: 1070 0.2 2.5 0.0 0.00050 1695M0 -1000.0 300.0 -2000.0 0.1170 0 0 0 1122.848 5.064 670
Element: 1071 0.2 2.5 0.0 0.00050 1711M0 -1000.0 300.0 -2000.0 0.1170 0 0 0 1127.233 5.086 671
Element: 1072 0.2 2.5 0.0 0.00050 1696M0 -1000.0 300.0 -2000.0 0.1170 0 0 0 1131.672 4.998 672
Element: 1073 0.2 2.5 0.0 0.00050 1712M0 -1000.0 300.0 -2000.0 0.1170 0 0 0 1136.002 4.913 673
Element: 1074 0.2 2.5 0.0 0.00050 1697M0 -1000.0 300.0 -2000.0 0.1170 0 0 0 1140.384 4.933 674
Element: 1075 0.2 2.5 0.0 0.00050 1713M0 -1000.0 300.0 -2000.0 0.1170 0 0 0 1144.765 4.953 675
Element: 1076 0.2 2.5 0.0 0.00050 1698M0 -1000.0 300.0 -2000.0 0.1170 0 0 0 1149.146 4.974 676
Element: 1077 0.2 2.5 0.0 0.00050 1714M0 -1000.0 300.0 -2000.0 0.1170 0 0 0 1153.525 4.997 677
Element: 1078 0.2 2.5 0.0 0.00050 1699M0 -1000.0 300.0 -2000.0 0.1170 0 0 0 1157.902 5.017 678
Element: 1079 0.2 2.5 0.0 0.00050 1715M0 -1000.0 300.0 -2000.0 0.1170 0 0 0 1162.279 5.037 679
Element: 1080 0.2 2.5 0.0 0.00050 1700M0 -1000.0 300.0 -2000.0 0.1170 0 0 0 1166.655 5.058 680
Element: 1081 0.2 2.5 0.0 0.00050 1716M0 -1000.0 300.0 -2000.0 0.1170 0 0 0 1171.029 5.080 681
Element: 1082 0.2 2.5 0.0 0.00050 1701M0 -1000.0 300.0 -2000.0 0.1170 0 0 0 1175.402 5.101 682
Element: 1083 0.2 2.5 0.0 0.00050 1717M0 -1000.0 300.0 -2000.0 0.1170 0 0 0 1179.774 5.121 683
Element: 1084 0.2 2.5 0.0 0.00050 1702M0 -1000.0 300.0 -2000.0 0.1170 0 0 0 1184.210 5.009 684
Element: 1085 0.2 2.5 0.0 0.00050 1718M0 -1000.0 300.0 -2000.0 0.1170 0 0 0 1188.512 4.895 685
Element: 1086 0.2 2.5 0.0 0.00050 1703M0 -1000.0 300.0 -2000.0 0.1170 0 0 0 1192.880 4.915 686
Element: 1087 0.2 2.5 0.0 0.00050 1719M0 -1000.0 300.0 -2000.0 0.1170 0 0 0 1197.245 4.936 687
##                                                                                    
## G 288 - 319  Section ST                                                            
##                                                                                    
Element: 1088 0.2 2.5 0.0 0.00050 1720M0 -1000.0 300.0 -2000.0 0.1170 0 0 0 1201.608 4.956 688
Element: 1089 0.2 2.5 0.0 0.00050 1736M0 -1000.0 300.0 -2000.0 0.1170 0 0 0 1205.970 4.977 689
Element: 1090 0.2 2.5 0.0 0.00050 1721M0 -1000.0 300.0 -2000.0 0.1170 0 0 0 1210.330 4.995 690
Element: 1091 0.2 2.5 0.0 0.00050 1737M0 -1000.0 300.0 -2000.0 0.1170 0 0 0 1214.689 5.016 691
Element: 1092 0.2 2.5 0.0 0.00050 1722M0 -1000.0 300.0 -2000.0 0.1170 0 0 0 1219.046 5.036 692
Element: 1093 0.2 2.5 0.0 0.00050 1738M0 -1000.0 300.0 -2000.0 0.1170 0 0 0 1223.401 5.056 693
Element: 1094 0.2 2.5 0.0 0.00050 1723M0 -1000.0 300.0 -2000.0 0.1170 0 0 0 1227.755 5.076 694
Element: 1095 0.2 2.5 0.0 0.00050 1739M0 -1000.0 300.0 -2000.0 0.1170 0 0 0 1232.105 5.096 695
Element: 1096 0.2 2.5 0.0 0.00050 1724M0 -1000.0 300.0 -2000.0 0.1170 0 0 0 1236.511 5.003 696
Element: 1097 0.2 2.5 0.0 0.00050 1740M0 -1000.0 300.0 -2000.0 0.1170 0 0 0 1240.801 4.907 697
Element: 1098 0.2 2.5 0.0 0.00050 1725M0 -1000.0 300.0 -2000.0 0.1170 0 0 0 1245.146 4.927 698
Element: 1099 0.2 2.5 0.0 0.00050 1741M0 -1000.0 300.0 -2000.0 0.1170 0 0 0 1249.490 4.945 699
Element: 1100 0.2 2.5 0.0 0.00050 1726M0 -1000.0 300.0 -2000.0 0.1170 0 0 0 1253.831 4.966 700
Element: 1101 0.2 2.5 0.0 0.00050 1742M0 -1000.0 300.0 -2000.0 0.1170 0 0 0 1258.169 4.985 701
Element: 1102 0.2 2.5 0.0 0.00050 1727M0 -1000.0 300.0 -2000.0 0.1170 0 0 0 1262.505 5.003 702
Element: 1103 0.2 2.5 0.0 0.00050 1743M0 -1000.0 300.0 -2000.0 0.1170 0 0 0 1266.839 5.024 703
Element: 1104 0.2 2.5 0.0 0.00050 1728M0 -1000.0 300.0 -2000.0 0.1170 0 0 0 1271.171 5.041 704
Element: 1105 0.2 2.5 0.0 0.00050 1744M0 -1000.0 300.0 -2000.0 0.1170 0 0 0 1275.501 5.062 705
Element: 1106 0.2 2.5 0.0 0.00050 1729M0 -1000.0 300.0 -2000.0 0.1170 0 0 0 1279.828 5.080 706
Element: 1107 0.2 2.5 0.0 0.00050 1745M0 -1000.0 300.0 -2000.0 0.1170 0 0 0 1284.153 5.101 707
Element: 1108 0.2 2.5 0.0 0.00050 1730M0 -1000.0 300.0 -2000.0 0.1170 0 0 0 1288.533 5.000 708
Element: 1109 0.2 2.5 0.0 0.00050 1746M0 -1000.0 300.0 -2000.0 0.1170 0 0 0 1292.795 4.905 709
Element: 1110 0.2 2.5 0.0 0.00050 1731M0 -1000.0 300.0 -2000.0 0.1170 0 0 0 1297.112 4.924 710
Element: 1111 0.2 2.5 0.0 0.00050 1747M0 -1000.0 300.0 -2000.0 0.1170 0 0 0 1301.427 4.941 711
Element: 1112 0.2 2.5 0.0 0.00050 1732M0 -1000.0 300.0 -2000.0 0.1170 0 0 0 1305.738 4.960 712
Element: 1113 0.2 2.5 0.0 0.00050 1748M0 -1000.0 300.0 -2000.0 0.1170 0 0 0 1310.048 4.978 713
Element: 1114 0.2 2.5 0.0 0.00050 1733M0 -1000.0 300.0 -2000.0 0.1170 0 0 0 1314.355 4.996 714
Element: 1115 0.2 2.5 0.0 0.00050 1749M0 -1000.0 300.0 -2000.0 0.1170 0 0 0 1318.660 5.016 715
Element: 1116 0.2 2.5 0.0 0.00050 1734M0 -1000.0 300.0 -2000.0 0.1170 0 0 0 1322.961 5.033 716
Element: 1117 0.2 2.5 0.0 0.00050 1750M0 -1000.0 300.0 -2000.0 0.1170 0 0 0 1327.260 5.051 717
Element: 1118 0.2 2.5 0.0 0.00050 1735M0 -1000.0 300.0 -2000.0 0.1170 0 0 0 1331.556 5.071 718
Element: 1119 0.2 2.5 0.0 0.00050 1751M0 -1000.0 300.0 -2000.0 0.1170 0 0 0 1335.850 5.086 719
##                                                                                    
## G 320 - 351  Section UV                                                            
##                                                                                    
Element: 1120 0.2 2.5 0.0 0.00050 1752M0 -1000.0 300.0 -2000.0 0.1170 0 0 0 1340.140 5.106 720
Element: 1121 0.2 2.5 0.0 0.00050 1768M0 -1000.0 300.0 -2000.0 0.1170 0 0 0 1344.486 5.006 721
Element: 1122 0.2 2.5 0.0 0.00050 1753M0 -1000.0 300.0 -2000.0 0.1170 0 0 0 1348.710 4.905 722
Element: 1123 0.2 2.5 0.0 0.00050 1769M0 -1000.0 300.0 -2000.0 0.1170 0 0 0 1352.992 4.922 723
Element: 1124 0.2 2.5 0.0 0.00050 1754M0 -1000.0 300.0 -2000.0 0.1170 0 0 0 1357.271 4.941 724
Element: 1125 0.2 2.5 0.0 0.00050 1770M0 -1000.0 300.0 -2000.0 0.1170 0 0 0 1361.546 4.956 725
Element: 1126 0.2 2.5 0.0 0.00050 1755M0 -1000.0 300.0 -2000.0 0.1170 0 0 0 1365.819 4.975 726
Element: 1127 0.2 2.5 0.0 0.00050 1771M0 -1000.0 300.0 -2000.0 0.1170 0 0 0 1370.088 4.993 727
Element: 1128 0.2 2.5 0.0 0.00050 1756M0 -1000.0 300.0 -2000.0 0.1170 0 0 0 1374.354 5.011 728
Element: 1129 0.2 2.5 0.0 0.00050 1772M0 -1000.0 300.0 -2000.0 0.1170 0 0 0 1378.618 5.027 729
Element: 1130 0.2 2.5 0.0 0.00050 1757M0 -1000.0 300.0 -2000.0 0.1170 0 0 0 1382.878 5.044 730
Element: 1131 0.2 2.5 0.0 0.00050 1773M0 -1000.0 300.0 -2000.0 0.1170 0 0 0 1387.134 5.063 731
Element: 1132 0.2 2.5 0.0 0.00050 1758M0 -1000.0 300.0 -2000.0 0.1170 0 0 0 1391.388 5.079 732
Element: 1133 0.2 2.5 0.0 0.00050 1774M0 -1000.0 300.0 -2000.0 0.1170 0 0 0 1395.639 5.097 733
Element: 1134 0.2 2.5 0.0 0.00050 1759M0 -1000.0 300.0 -2000.0 0.1170 0 0 0 1399.946 4.993 734
Element: 1135 0.2 2.5 0.0 0.00050 1775M0 -1000.0 300.0 -2000.0 0.1170 0 0 0 1404.129 4.888 735
Element: 1136 0.2 2.5 0.0 0.00050 1760M0 -1000.0 300.0 -2000.0 0.1170 0 0 0 1408.370 4.905 736
Element: 1137 0.2 2.5 0.0 0.00050 1776M0 -1000.0 300.0 -2000.0 0.1170 0 0 0 1412.606 4.922 737
Element: 1138 0.2 2.5 0.0 0.00050 1761M0 -1000.0 300.0 -2000.0 0.1170 0 0 0 1416.841 4.939 738
Element: 1139 0.2 2.5 0.0 0.00050 1777M0 -1000.0 300.0 -2000.0 0.1170 0 0 0 1421.071 4.956 739
Element: 1140 0.2 2.5 0.0 0.00050 1762M0 -1000.0 300.0 -2000.0 0.1170 0 0 0 1425.297 4.973 740
Element: 1141 0.2 2.5 0.0 0.00050 1778M0 -1000.0 300.0 -2000.0 0.1170 0 0 0 1429.521 4.989 741
Element: 1142 0.2 2.5 0.0 0.00050 1763M0 -1000.0 300.0 -2000.0 0.1170 0 0 0 1433.741 5.005 742
Element: 1143 0.2 2.5 0.0 0.00050 1779M0 -1000.0 300.0 -2000.0 0.1170 0 0 0 1437.958 5.022 743
Element: 1144 0.2 2.5 0.0 0.00050 1764M0 -1000.0 300.0 -2000.0 0.1170 0 0 0 1442.171 5.038 744
Element: 1145 0.2 2.5 0.0 0.00050 1780M0 -1000.0 300.0 -2000.0 0.1170 0 0 0 1446.379 5.054 745
Element: 1146 0.2 2.5 0.0 0.00050 1765M0 -1000.0 300.0 -2000.0 0.1170 0 0 0 1450.585 5.071 746
Element: 1147 0.2 2.5 0.0 0.00050 1781M0 -1000.0 300.0 -2000.0 0.1170 0 0 0 1454.849 4.963 747
Element: 1148 0.2 2.5 0.0 0.00050 1766M0 -1000.0 300.0 -2000.0 0.1170 0 0 0 1458.987 4.856 748
Element: 1149 0.2 2.5 0.0 0.00050 1782M0 -1000.0 300.0 -2000.0 0.1170 0 0 0 1463.182 4.871 749
Element: 1150 0.2 2.5 0.0 0.00050 1767M0 -1000.0 300.0 -2000.0 0.1170 0 0 0 1467.374 4.889 750
Element: 1151 0.2 2.5 0.0 0.00050 1783M0 -1000.0 300.0 -2000.0 0.1170 0 0 0 1471.561 4.903 751
##
##
Initialise: 
##
##
Display: 1D ScalerCurr 352 0 352
Display: 1D ScalerAcc  352 0 352
##

