0.87641727
0.88822863
1.00877219
0.90475904
1.03238007
0.99974461
1.00506902
1.13798330
1.04528442
0.85008803
0.76650998
0.97495929
1.00274052
0.80777714
1.00126565
0.92586207
0.91021857
1.11463233
0.93473845
1.08912037
0.84684863
1.07136162
0.92450379
1.06939420
0.91447498
0.94569211
0.12990707
1.08298786
1.00604989
0.12990707
0.12990707
0.12990707
0.12990707
0.12990707
0.12990707
0.12990707
0.12990707
0.12990707
0.12990707
0.96726269
0.12990707
1.18309612
1.12301968
0.92530751
0.96639837
1.02299468
0.90165972
0.79465848
0.95289643
0.84288276
0.92438743
1.18411526
0.93294084
0.97731432
1.04715358
0.87984027
0.90393232
0.90628859
0.89642249
1.09745592
0.90259253
0.96000814
0.98442001
0.88088338
0.87905085
0.81908246
0.89440274
0.90305914
0.97761388
0.95159984
1.01280094
1.06903882
0.95431002
1.09616687
0.92541725
0.83595170
1.09089707
0.98866454
1.03491387
0.74295335
0.98618074
0.96387845
1.03598448
1.11141850
0.97460994
0.99213529
1.11721091
1.05193403
0.95080450
1.02881294
0.86760190
0.92491672
0.92518502
0.84764814
0.98243286
0.88752513
0.90537215
0.99675175
0.98488146
0.81213992
1.13341645
0.94583462
0.98534004
1.08669885
0.93814499
1.05845061
1.08226640
0.99693342
1.02169208
0.89272870
0.78611672
0.95364311
0.76384604
0.96284485
1.01501347
0.93689867
0.88839070
0.80938826
1.07778127
1.01814203
0.84525183
1.06765882
0.98076955
0.99309593
1.19086437
32.78254264
1.13490555
0.95458789
1.03472771
1.13108416
0.83403485
0.85567234
0.95286207
0.97265515
0.87508142
0.87219751
0.72462901
0.97132574
0.93581940
1.09714701
0.90155137
0.92533725
0.89944491
0.86742854
0.92950363
1.02423611
0.96530822
1.26633092
1.17423691
1.13625359
1.08594457
1.01033796
0.86277138
1.01127760
0.96267729
0.91939391
1.06145015
1.06045151
0.84784817
1.03801861
0.89160968
1.02303857
0.87863972
0.89479489
0.81585083
0.86135225
1.01794217
0.81449886
0.35799532
1.05110594
1.02982319
0.91741600
0.98539655
0.88082872
1.11452278
0.98571804
9.69858801
0.95224059
0.99063388
0.91086289
0.63942830
0.91815544
0.85680790
1.10096105
0.85472878
1.00460118
1.04751280
1.08380760
1.12780790
0.84709604
1.11226700
0.97458958
0.89530042
1.01677931
1.02817729
0.96045285
1.22793891
1.02509518
1.00575465
0.85888980
0.90767809
0.83391428
0.85813469
1.01508087
0.97694462
0.73299652
3.85587021
0.93021177
0.99078638
0.83755209
1.00028859
1.06852534
0.96906429
0.94752864
1.02629389
0.87547186
0.86287575
1.06279395
1.04146808
0.90147053
1.09728326
0.86077219
0.84512532
0.74060136
0.99755602
1.03603651
1.16662375
1.17996548
1.09996431
0.99098013
1.08415533
1.00568453
1.08489807
0.72407230
1.18335123
1.14653020
0.98608768
0.97987808
1.04158881
1.03608670
1.10368601
1.28890559
1.08649224
0.90067997
1.18193893
1.14641513
1.17612077
0.95523942
1.09568272
1.12302315
1.12534099
1.00433705
1.07041654
1.35183155
0.98530453
0.99027851
1.13850865
0.92110797
0.90408735
0.94581528
0.89264159
0.86437081
1.17564689
0.98657232
1.10040230
12.54114569
0.91765486
0.94843729
1.07359555
0.85179059
1.05117569
0.97146260
0.98978497
0.92611541
0.99880914
0.99481127
0.92512907
0.88371643
0.82399057
0.93613586
1.01663381
1.03392063
0.88308862
0.85245750
0.89369168
1.05353431
0.91998871
0.73634362
1.00718124
1.05015645
1.07474858
1.01617789
1.11345925
0.85444516
0.87475792
0.84694595
1.06354818
0.96727045
1.09945671
1.08627359
0.92119468
0.94341685
0.90902301
0.99451669
0.96174565
0.89680215
0.96669700
0.96438586
1.17245499
0.91952924
0.95231720
0.12990707
1.03048427
1.12069314
1.00589368
0.12990707
0.12990707
1.04599079
0.12990707
0.12990707
0.98828684
1.04849205
0.89595859
1.59826590
1.11412366
1.03564224
1.05499429
0.83253197
1.19452195
0.88068982
0.93818279
0.90852578
1.20095596
1.23280145
0.85579942
0.88668568
0.89979668
0.93848946
1.01976518
1.03020677
1.07349503
1.15100177
1.04386823
1.07046978
0.86757042
1.00913684
1.01553833
1.10548658
1.02563400
1.06538747
0.99706105
1.05503544
1.12261283
0.12990707
0.12990707
0.12990707
0.12990707
0.12990707
0.12990707
0.12990707
0.12990707
0.12990707
0.12990707
0.12990707
0.12990707
0.12990707
0.12990707
1.18498221
1.17605817
1.07739418
0.99701007
1.00260688
0.98181301
1.10551928
1.15645082
1.15717490
1.05655908
0.97273083
0.97093034
1.06372695
0.99648451
1.02580565
1.15903520
0.87097227
1.09641675
1.19138845
1.00984494
0.89022336
1.01880527
0.93887808
0.95716727
1.06519117
0.83919929
1.07625767
1.01990033
1.11504911
1.14961417
1.16257358
1.09385674
1.25091621
0.12990707
0.12990707
0.12990707
1.09536201
0.93353123
0.12990707
1.27021389
0.98589922
0.12990707
1.23857394
0.90544926
1.00610142
0.94745147
1.03377986
1.12540282
0.96792807
1.05314330
1.15572200
0.94005018
1.11447540
1.05453385
0.94990167
1.08060068
0.98387418
1.10459320
0.96950139
0.95212994
0.94401693
1.01892107
0.97940321
0.97025425
0.91821187
0.99394539
0.89429694
1.11793743
1.00159287
0.98283880
1.06295472
1.04832266
0.87485077
1.15643394
0.84860124
1.10895803
1.25862023
1.01926663
0.92840169
0.93787845
0.98259948
0.93725190
0.99764320
1.07114739
1.04029908
0.85498661
1.04088601
0.89294153
0.94995445
1.03803683
1.11085552
0.88180907
0.97054879
0.86897671
0.81798227
1.00866852
1.60462047
1.05084285
1.03567510
1.00848590
0.94315946
0.88873056
1.02402354
0.89436499
0.87613456
1.00548748
1.00566437
1.07595645
0.93472961
0.96522675
1.07817962
1.13729662
0.93257852
1.00761472
1.01803054
0.85833857
0.90993184
0.96701965
1.29360536
0.95029086
0.90098047
0.96299943
0.82713803
0.86556310
0.98424377
0.99713770
0.98605371
1.00760847
1.09763146
0.93369990
1.04260722
1.01936798
1.19902768
1.16908177
1.20389090
1.05784701
0.87631964
0.83966507
1.14231505
0.75151875
0.92990183
0.90969102
1.09931592
1.15838146
0.93267832
1.16478251
0.91412306
0.99065227
0.91357559
1.03812580
0.78197060
0.66990688
1.05289660
0.85449950
0.96068162
1.04511689
0.95978236
0.99906433
0.96866324
0.98068257
0.90121553
0.76006935
0.73690385
0.92497767
0.81840011
0.96065573
0.94574003
0.85541240
0.98912768
1.08368974
1.15177411
0.34660360
1.07039784
0.81846652
0.95972390
0.98514374
0.93566180
1.06659266
0.96903188
1.04100227
1.04051733
1.05556920
1.08249192
0.96974309
1.08154639
0.87592633
0.90709120
1.23397012
1.01347331
0.86836413
1.07035937
0.99837869
0.92058515
0.98771947
0.92004362
0.96920530
0.83658419
1.03801015
0.90326323
0.98480480
0.75879951
1.07434836
0.97584892
0.95938978
1.02676661
0.95241610
1.21947664
17.81822236
1.07381112
0.75400055
0.82013964
0.80632225
1.09091918
1.08019422
1.07259577
0.98294537
1.03229207
1.55673492
0.72891657
0.99388732
0.93923592
0.93785592
1.04288755
0.91208663
0.81081394
0.86948407
0.72841262
1.00660001
0.79095767
0.83654575
0.84029865
0.98895995
0.96271798
0.87082111
0.81655924
0.88247434
0.92735537
0.97042476
1.04572411
1.07327352
1.01690225
1.04877640
0.86795373
0.86833966
0.98093125
0.94115238
1.01573640
1.08822189
0.85163769
0.97576985
0.80716028
0.92640480
0.99715605
1.01331123
0.93138979
1.10506565
0.87909932
0.89929501
1.00913613
0.98084044
0.95073568
0.79895262
1.12476963
0.89147277
0.88155938
0.87253438
1.10335449
0.84630601
0.85819745
0.81938322
1.07815234
0.80564746
1.01278807
1.05661688
0.87825334
1.01079241
0.92644023
1.17066150
0.87694926
1.37848273
0.99269823
0.97556051
1.21731839
0.92790225
1.11056837
0.82808527
0.98009304
0.98569505
1.03559359
0.97749066
1.03674775
1.24482691
0.88259535
0.96215261
0.96351573
0.96529875
1.01194201
0.85458624
0.87058721
1.09597736
1.00572476
0.98212781
0.79935546
1.03742060
0.85320921
0.94601344
0.91257292
0.90185800
0.88326094
0.92491372
1.16047057
0.88451847
0.12990707
1.09764309
0.12990707
0.12990707
0.12990707
0.12990707
0.12990707
0.12990707
0.12990707
0.12990707
0.12990707
1.08523377
0.12990707
0.12990707
0.90444694
1.10488592
1.00631572
1.08208586
1.17819924
0.87637280
0.84442696
0.78023699
0.84721044
0.96012710
0.95624478
0.91913987
0.92048746
0.99662234
1.04857710
0.90846452
0.96538242
0.74784085
1.03828493
1.20122613
1.00621482
0.94052659
0.89074785
1.07067871
1.06060483
0.90946439
0.93423179
